date           rtn
20010102      -0.006452
20010103      -0.022078
20010104      -0.091633
20010105       0.005848
20010108      -0.010174
20010109       0.022026
20010110      -0.017184
20010111      -0.011747
20010112       0.035661
20010116       0.032999
20010117      -0.016667
20010118       0.018362
20010119      -0.022191
20010122       0.002837
20010123      -0.004243
20010124      -0.017045
20010125       0.054913
20010126       0.012329
20010129      -0.015968
20010130      -0.008801
20010131      -0.004218
20010201       0.025412
20010202      -0.010652
20010205       0.018018
20010206       0.018131
20010207       0.008268
20010208       0.015349
20010209       0.002278
20010212       0.022727
20010213      -0.037172
20010214      -0.005245
20010215       0.011390
20010216       0.011470
20010220       0.003505
20010221       0.027327
20010222      -0.001000
20010223      -0.021021
20010226       0.006135
20010227      -0.011789
20010228       0.007610
20010301       0.017146
20010302      -0.003010
20010305      -0.014291
20010306      -0.019400
20010307      -0.018534
20010308       0.029069
20010309      -0.015258
20010312      -0.011935
20010313       0.014622
20010314      -0.033417
20010315       0.000000
20010316      -0.027658
20010319      -0.005556
20010320      -0.032402
20010321       0.016166
20010322      -0.011818
20010323       0.000000
20010326       0.017709
20010327       0.011977
20010328       0.016749
20010329       0.021305
20010330       0.014839
20010402      -0.016741
20010403      -0.031897
20010404       0.011354
20010405       0.036760
20010406       0.003822
20010409       0.024112
20010410       0.000000
20010411      -0.025306
20010412      -0.028091
20010416       0.019050
20010417       0.012033
20010418      -0.004459
20010419      -0.024952
20010420      -0.013780
20010423      -0.012198
20010424      -0.002470
20010425       0.024308
20010426      -0.014283
20010427       0.024967
20010430       0.008699
20010501      -0.012505
20010502      -0.009389
20010503       0.009698
20010504       0.017027
20010507       0.008800
20010508       0.014894
20010509       0.013836
20010510      -0.005376
20010511       0.024116
20010514       0.011977
20010515       0.033099
20010516       0.044660
20010517      -0.001859
20010518      -0.012663
20010521       0.004527
20010522      -0.005820
20010523      -0.000944
20010524      -0.018148
20010525      -0.010397
20010529      -0.000973
20010530       0.002532
20010531       0.009713
20010601      -0.006926
20010604       0.004262
20010605       0.019483
20010606      -0.021760
20010607      -0.000967
20010608      -0.002517
20010611      -0.021933
20010612       0.006549
20010613       0.001183
20010614      -0.005514
20010615       0.001188
20010618       0.010680
20010619       0.003523
20010620       0.018916
20010621       0.014354
20010622      -0.018491
20010625      -0.003076
20010626      -0.007520
20010627      -0.028560
20010628       0.012200
20010629      -0.051571
20010702       0.028542
20010703      -0.002025
20010705      -0.006698
20010706      -0.033306
20010709       0.012471
20010710       0.010438
20010711       0.041116
20010712      -0.023515
20010713       0.012245
20010716       0.003024
20010717       0.008040
20010718       0.027916
20010719       0.000970
20010720       0.013178
20010723      -0.016641
20010724      -0.002529
20010725       0.004290
20010726       0.006796
20010727      -0.005979
20010730       0.014552
20010731       0.024861
20010801      -0.009144
20010802      -0.020716
20010803       0.005000
20010806      -0.010524
20010807       0.017018
20010808      -0.013691
20010809      -0.005784
20010810       0.013768
20010813       0.005165
20010814      -0.004948
20010815       0.016447
20010816      -0.003387
20010817      -0.012837
20010820       0.013387
20010821      -0.004718
20010822       0.003982
20010823      -0.012465
20010824       0.004016
20010827      -0.008381
20010828      -0.012678
20010829      -0.007782
20010830      -0.013333
20010831      -0.012321
20010904       0.018109
20010905       0.020356
20010906      -0.032346
20010907      -0.021217
20010910       0.012883
20010917       0.020190
20010918      -0.002375
20010919      -0.016068
20010920      -0.022379
20010921      -0.029697
20010924       0.004251
20010925       0.025397
20010926       0.029928
20010927       0.021844
20010928       0.016866
20011001       0.018129
20011002       0.011555
20011003      -0.036517
20011004       0.004082
20011005       0.006194
20011008      -0.004040
20011009      -0.014294
20011010       0.031746
20011011      -0.026971
20011012       0.017444
20011015       0.020998
20011016       0.009057
20011017      -0.004862
20011018      -0.012401
20011019       0.009323
20011022       0.028841
20011023      -0.013192
20011024       0.007055
20011025       0.005715
20011026      -0.004583
20011029      -0.004972
20011030      -0.004627
20011031      -0.014875
20011101       0.017743
20011102       0.009829
20011105      -0.011938
20011106       0.008364
20011107      -0.009770
20011108      -0.003537
20011109      -0.006165
20011112       0.007707
20011113      -0.009140
20011114      -0.017696
20011115       0.013798
20011116      -0.016446
20011119       0.001922
20011120       0.015538
20011121       0.015300
20011123       0.003721
20011126       0.001854
20011127      -0.004995
20011128       0.005764
20011129       0.008504
20011130       0.008249
20011203       0.008364
20011204      -0.006671
20011205       0.001271
20011206      -0.004351
20011207       0.004006
20011210       0.006529
20011211      -0.024505
20011212      -0.020318
20011213       0.002828
20011214       0.022749
20011217      -0.007353
20011218      -0.002778
20011219       0.018013
20011220       0.014228
20011221       0.017806
20011224      -0.002297
20011226       0.005491
20011227      -0.004756
20011228      -0.000354
20011231      -0.012925
20020102       0.001614
20020103       0.000895
20020104      -0.001789
20020107      -0.006990
20020108      -0.006498
20020109      -0.005451
20020110       0.009134
20020111       0.015387
20020114       0.000179
20020115      -0.002147
20020116       0.013089
20020117       0.015929
20020118       0.000174
20020122       0.001219
20020123      -0.001566
20020124      -0.000871
20020125      -0.001744
20020128      -0.006813
20020129      -0.011082
20020130       0.004625
20020131       0.021601
20020201      -0.004506
20020204      -0.014450
20020205       0.006889
20020206      -0.018947
20020207      -0.006080
20020208      -0.005218
20020211       0.007054
20020212       0.008082
20020213      -0.002851
20020214       0.005360
20020215       0.019015
20020219      -0.013080
20020220       0.017494
20020221      -0.007468
20020222       0.008049
20020225      -0.014581
20020226      -0.004932
20020227      -0.001770
20020228       0.002837
20020301       0.016623
20020304      -0.002087
20020305      -0.040962
20020306       0.018175
20020307      -0.029811
20020308      -0.004784
20020311       0.010723
20020312       0.009512
20020313       0.005617
20020314      -0.011892
20020315      -0.015135
20020318      -0.009258
20020319      -0.002429
20020320      -0.029599
20020321       0.010811
20020322       0.025592
20020325      -0.024022
20020326       0.008205
20020327      -0.017600
20020328       0.013292
20020401       0.012167
20020402       0.004508
20020403      -0.009910
20020404      -0.002833
20020405      -0.016856
20020408       0.000771
20020409       0.013667
20020410       0.036460
20020411      -0.009619
20020412      -0.002415
20020415       0.001118
20020416       0.010791
20020417       0.003129
20020418       0.003119
20020419       0.001463
20020422      -0.006575
20020423       0.003493
20020424      -0.016856
20020425      -0.005032
20020426       0.013673
20020429      -0.018108
20020430       0.015243
20020501       0.019462
20020502      -0.018182
20020503      -0.010556
20020506      -0.023395
20020507      -0.009582
20020508       0.013932
20020509      -0.004771
20020510      -0.017258
20020513      -0.004488
20020514       0.014112
20020515      -0.093545
20020516      -0.024520
20020517       0.040437
20020520      -0.012395
20020521      -0.008083
20020522       0.020802
20020523       0.003151
20020524      -0.017801
20020528      -0.002772
20020529       0.007056
20020530      -0.007643
20020531       0.016260
20020603      -0.043790
20020604      -0.016513
20020605       0.008507
20020606      -0.006659
20020607       0.013631
20020610       0.006834
20020611      -0.161375
20020612      -0.033420
20020613      -0.028903
20020614       0.022253
20020617       0.027755
20020618       0.025947
20020619      -0.028387
20020620       0.000531
20020621      -0.040881
20020624       0.030169
20020625       0.023912
20020626      -0.004198
20020627       0.031621
20020628      -0.038314
20020701      -0.009296
20020702      -0.013941
20020703       0.008700
20020705       0.009973
20020708      -0.012543
20020709      -0.042973
20020710      -0.042643
20020711      -0.059440
20020712       0.047393
20020715       0.040724
20020716      -0.026087
20020717       0.029762
20020718      -0.044220
20020719      -0.028122
20020722      -0.004356
20020723      -0.031250
20020724       0.079032
20020725       0.124664
20020726       0.027379
20020729       0.025873
20020730       0.018916
20020731       0.025000
20020801      -0.036223
20020802       0.005262
20020805      -0.056580
20020806       0.005812
20020807       0.047019
20020808       0.022328
20020809      -0.010307
20020812       0.010166
20020813      -0.029946
20020814       0.012399
20020815       0.007248
20020816      -0.008685
20020819       0.001252
20020820      -0.022500
20020821       0.034271
20020822       0.032146
20020823      -0.028989
20020826       0.016038
20020827      -0.010199
20020828      -0.022571
20020829       0.015813
20020830      -0.010872
20020903      -0.043717
20020904       0.013584
20020905      -0.025773
20020906      -0.007936
20020909       0.011467
20020910       0.005800
20020911       0.012058
20020912      -0.010101
20020913      -0.015699
20020916       0.018341
20020917       0.007309
20020918       0.047422
20020919      -0.007917
20020920       0.042394
20020923      -0.002392
20020924       0.009592
20020925       0.040380
20020926      -0.043379
20020927      -0.036993
20020930       0.001239
20021001       0.039604
20021002      -0.008333
20021003       0.017767
20021004      -0.035386
20021007      -0.032771
20021008      -0.002023
20021009       0.021029
20021010       0.006079
20021011       0.029273
20021014       0.043143
20021015       0.019640
20021016      -0.014276
20021017       0.016092
20021018      -0.004525
20021021      -0.007955
20021022      -0.019473
20021023       0.008411
20021024      -0.016450
20021025       0.014841
20021028      -0.011606
20021029      -0.016675
20021030       0.005732
20021031      -0.005699
20021101      -0.003344
20021104       0.008148
20021105       0.032802
20021106       0.048331
20021107       0.002195
20021108       0.005257
20021111      -0.039224
20021112      -0.014743
20021113      -0.010589
20021114       0.022801
20021115       0.022521
20021118      -0.009121
20021119      -0.002245
20021120       0.017102
20021121      -0.001991
20021122      -0.029040
20021125      -0.000457
20021126      -0.009593
20021127       0.005535
20021129       0.004128
20021202      -0.039516
20021203       0.003092
20021204       0.001660
20021205      -0.017751
20021206       0.034699
20021209      -0.030042
20021210      -0.025690
20021211       0.011089
20021212      -0.004387
20021213      -0.009058
20021216       0.011858
20021217       0.001221
20021218      -0.005852
20021219      -0.009321
20021220      -0.041842
20021223      -0.014729
20021224      -0.011277
20021226      -0.027851
20021227       0.003547
20021230       0.008700
20021231       0.078167
20030102       0.001250
20030103       0.009738
20030106       0.006429
20030107      -0.044963
20030108       0.025212
20030109       0.003262
20030110      -0.005003
20030113      -0.002891
20030114      -0.009384
20030115      -0.028418
20030116       0.032938
20030117      -0.030612
20030121       0.010789
20030122      -0.004686
20030123       0.001308
20030124      -0.024295
20030127      -0.010442
20030128       0.020022
20030129       0.012732
20030130      -0.005500
20030131       0.003950
20030203      -0.005771
20030204      -0.018470
20030205      -0.008602
20030206       0.000542
20030207       0.012195
20030210      -0.010977
20030211      -0.020845
20030212      -0.021012
20030213      -0.014967
20030214       0.026663
20030218       0.022061
20030219      -0.021858
20030220      -0.016760
20030221      -0.003409
20030224      -0.019954
20030225       0.009308
20030226       0.000000
20030227       0.023919
20030228       0.002533
20030303      -0.016564
20030304       0.012275
20030305       0.013536
20030306      -0.020033
20030307       0.006530
20030310      -0.026516
20030311       0.007534
20030312       0.005177
20030313       0.026609
20030314      -0.019231
20030317       0.038647
20030318       0.022982
20030319       0.019524
20030320      -0.010231
20030321       0.041346
20030324      -0.023925
20030325       0.016428
20030326      -0.003335
20030327      -0.008494
20030328      -0.008048
20030331      -0.015703
20030401       0.034565
20030402       0.037008
20030403      -0.024040
20030404       0.020315
20030407      -0.000249
20030408      -0.005975
20030409       0.007012
20030410      -0.002487
20030411      -0.018574
20030414       0.026074
20030415      -0.014449
20030416      -0.022245
20030417       0.024819
20030421      -0.017407
20030422       0.019255
20030423       0.005038
20030424       0.000501
20030425      -0.010771
20030428       0.017219
20030429       0.011202
20030430       0.000246
20030501       0.014521
20030502       0.026443
20030505      -0.018672
20030506       0.021195
20030507       0.007075
20030508       0.003513
20030509       0.012369
20030512      -0.003688
20030513       0.005784
20030514      -0.008512
20030515       0.019026
20030516      -0.019809
20030519      -0.042044
20030520      -0.005820
20030521       0.009756
20030522       0.013285
20030523       0.003099
20030527       0.020437
20030528       0.014206
20030529       0.006200
20030530       0.016659
20030602      -0.013917
20030603       0.002732
20030604       0.013848
20030605       0.012987
20030606      -0.000663
20030609      -0.007078
20030610       0.017599
20030611      -0.001751
20030612       0.002851
20030613      -0.002843
20030616       0.013597
20030617       0.006058
20030618      -0.010753
20030619      -0.008696
20030620       0.000219
20030623      -0.027626
20030624       0.001804
20030625      -0.001576
20030626       0.010370
20030627      -0.027220
20030630       0.003670
20030701      -0.004799
20030702       0.014466
20030703       0.000905
20030707       0.017187
20030708      -0.010671
20030709      -0.018427
20030710      -0.002976
20030711       0.016418
20030714       0.000454
20030715      -0.020209
20030716      -0.017381
20030717      -0.008255
20030718      -0.015458
20030721      -0.002416
20030722       0.003390
20030723      -0.015444
20030724      -0.019363
20030725       0.005499
20030728      -0.021874
20030729      -0.011182
20030730       0.009509
20030731      -0.000764
20030801      -0.018089
20030804      -0.001038
20030805      -0.016883
20030806       0.019815
20030807       0.033938
20030808      -0.000251
20030811      -0.007519
20030812      -0.000758
20030813      -0.003791
20030814       0.004566
20030815       0.002020
20030818       0.002772
20030819      -0.006534
20030820      -0.013408
20030821      -0.010256
20030822       0.009845
20030825       0.015649
20030826       0.009093
20030827      -0.006258
20030828       0.003023
20030829       0.012054
20030902       0.021092
20030903       0.014581
20030904      -0.013174
20030905       0.019417
20030908       0.019048
20030909      -0.011215
20030910       0.022684
20030911       0.006701
20030912       0.011246
20030915      -0.007263
20030916       0.004344
20030917       0.002732
20030918       0.001362
20030919      -0.014736
20030922      -0.017257
20030923       0.007492
20030924      -0.021613
20030925       0.000000
20030926       0.005226
20030929       0.005435
20030930       0.000000
20031001       0.005405
20031002       0.008649
20031003      -0.012051
20031006       0.002580
20031007      -0.012635
20031008      -0.005924
20031009       0.005959
20031010      -0.003910
20031013       0.005264
20031014       0.002142
20031015      -0.004038
20031016       0.007632
20031017      -0.011124
20031020       0.011249
20031021       0.005917
20031022      -0.034824
20031023       0.014627
20031024       0.003364
20031027      -0.007902
20031028       0.024620
20031029       0.010365
20031030       0.001166
20031031      -0.007452
20031103       0.004223
20031104      -0.022663
20031105       0.011475
20031106      -0.001418
20031107      -0.017515
20031110      -0.003373
20031111       0.007252
20031112       0.003840
20031113       0.048530
20031114       0.007752
20031117      -0.000905
20031118      -0.001812
20031119       0.006352
20031120      -0.018485
20031121       0.002986
20031124       0.020838
20031125      -0.002692
20031126       0.003149
20031128      -0.008969
20031201       0.017873
20031202       0.006001
20031203       0.000442
20031204       0.001546
20031205      -0.008600
20031208       0.007785
20031209       0.005518
20031210      -0.004390
20031211       0.008818
20031212       0.001530
20031215      -0.003928
20031216       0.005476
20031217      -0.006536
20031218       0.021272
20031219      -0.003650
20031222      -0.002155
20031223       0.004536
20031224       0.007525
20031226      -0.000427
20031229       0.006618
20031230      -0.012301
20031231       0.000644
20040102       0.003219
20040105       0.000000
20040106      -0.007273
20040107       0.010558
20040108      -0.029424
20040109      -0.012961
20040112      -0.010906
20040113       0.005288
20040114       0.001576
20040115       0.010112
20040116      -0.037820
20040120       0.000694
20040121       0.009704
20040122      -0.014188
20040123      -0.002553
20040126       0.021178
20040127      -0.011167
20040128       0.009449
20040129      -0.001142
20040130      -0.015314
20040202       0.009285
20040203       0.017709
20040204       0.000226
20040205       0.007004
20040206      -0.004487
20040209      -0.000225
20040210      -0.005861
20040211       0.011338
20040212      -0.018610
20040213       0.012337
20040217       0.015572
20040218      -0.009111
20040219      -0.028033
20040220       0.000923
20040223       0.007838
20040224      -0.003888
20040225      -0.001148
20040226      -0.010345
20040227      -0.005807
20040301       0.014019
20040302       0.004839
20040303       0.007338
20040304      -0.006829
20040305      -0.001146
20040308      -0.009867
20040309      -0.017381
20040310      -0.022406
20040311       0.001689
20040312      -0.001927
20040315      -0.017857
20040316       0.021130
20040317      -0.022377
20040318      -0.013291
20040319       0.002993
20040322      -0.014922
20040323       0.010856
20040324      -0.017233
20040325       0.011690
20040326       0.008289
20040329       0.010713
20040330       0.009613
20040331       0.003418
20040401       0.018248
20040402       0.012425
20040405       0.012273
20040406       0.006995
20040407      -0.010188
20040408      -0.010058
20040412      -0.026465
20040413      -0.016748
20040414       0.042484
20040415       0.047903
20040416       0.003639
20040419       0.001586
20040420      -0.021946
20040421      -0.002545
20040422       0.026206
20040423      -0.007910
20040426       0.002278
20040427       0.009545
20040428      -0.006078
20040429       0.005663
20040430      -0.008559
20040503       0.022808
20040504      -0.012760
20040505       0.004548
20040506       0.000477
20040507      -0.011669
20040510      -0.017108
20040511       0.003432
20040512       0.007085
20040513      -0.005337
20040514       0.003659
20040517      -0.001701
20040518      -0.002191
20040519      -0.003903
20040520      -0.013960
20040521      -0.007700
20040524      -0.010013
20040525       0.027054
20040526       0.010340
20040527       0.012427
20040528      -0.008183
20040601      -0.004853
20040602       0.004633
20040603      -0.001214
20040604       0.014338
20040607       0.013656
20040608       0.009218
20040609      -0.003045
20040610       0.003054
20040614      -0.002576
20040615       0.009627
20040616      -0.003721
20040617       0.007937
20040618      -0.004169
20040621      -0.010233
20040622      -0.012688
20040623      -0.001666
20040624      -0.000954
20040625      -0.032212
20040628       0.005424
20040629       0.012751
20040630      -0.013075
20040701      -0.000981
20040702      -0.003193
20040706      -0.019709
20040707      -0.005278
20040708       0.017686
20040709      -0.009434
20040712       0.012531
20040713       0.003465
20040714      -0.012661
20040715       0.000000
20040716      -0.016847
20040719       0.000767
20040720       0.006133
20040721      -0.015494
20040722       0.013158
20040723      -0.016297
20040726      -0.003106
20040727       0.017658
20040728      -0.003572
20040729       0.002561
20040730       0.005108
20040802      -0.002287
20040803      -0.002292
20040804      -0.001021
20040805      -0.010734
20040806      -0.000517
20040809      -0.008529
20040810       0.017987
20040811       0.018694
20040812      -0.003771
20040813      -0.001009
20040816       0.010356
20040817       0.000000
20040818       0.014750
20040819       0.002956
20040820       0.007369
20040823      -0.003170
20040824       0.002935
20040825       0.010976
20040826      -0.005549
20040827       0.007035
20040830      -0.006986
20040831       0.011402
20040901       0.008875
20040902       0.012601
20040903       0.001878
20040907      -0.013827
20040908       0.002139
20040909      -0.004031
20040910       0.007381
20040913       0.015126
20040914      -0.000233
20040915      -0.010014
20040916       0.004234
20040917       0.005388
20040920      -0.007689
20040921       0.010566
20040922      -0.023931
20040923       0.008569
20040924      -0.000708
20040927       0.002126
20040928       0.001885
20040929      -0.004705
20040930       0.001182
20041001      -0.004013
20041004       0.000237
20041005       0.001896
20041006      -0.001892
20041007      -0.020616
20041008      -0.012098
20041011       0.008327
20041012       0.008258
20041013      -0.002409
20041014      -0.003402
20041015       0.008535
20041018      -0.000242
20041019       0.000726
20041020       0.000483
20041021      -0.007246
20041022      -0.005839
20041025      -0.005384
20041026       0.008366
20041027       0.035383
20041028       0.006599
20041029      -0.001873
20041101       0.002580
20041102      -0.010061
20041103       0.030726
20041104       0.019262
20041105       0.000000
20041108       0.011474
20041109       0.000890
20041110       0.001111
20041111       0.005549
20041112      -0.024724
20041115       0.007017
20041116      -0.006743
20041117      -0.012220
20041118      -0.006415
20041119      -0.014296
20041122       0.002807
20041123      -0.014462
20041124       0.003314
20041126       0.004718
20041129      -0.003757
20041130      -0.011077
20041201       0.030744
20041202       0.009711
20041203      -0.005496
20041206       0.003684
20041207      -0.000918
20041208       0.007118
20041209       0.002508
20041210      -0.005231
20041213       0.003429
20041214       0.013671
20041215      -0.003147
20041216       0.041488
20041217       0.017320
20041220      -0.012130
20041221      -0.006894
20041222       0.008677
20041223      -0.001720
20041227      -0.008832
20041228       0.007607
20041229       0.010354
20041230       0.001708
20041231      -0.005754
20050103       0.000429
20050104      -0.010071
20050105      -0.011472
20050106       0.022553
20050107       0.017131
20050110       0.009684
20050111      -0.018349
20050112       0.002336
20050113      -0.019178
20050114       0.004780
20050118      -0.004541
20050119       0.000217
20050120      -0.006515
20050121       0.005027
20050124      -0.001087
20050125      -0.000435
20050126      -0.000436
20050127      -0.009370
20050128      -0.004179
20050131      -0.005522
20050201       0.011773
20050202       0.001976
20050203       0.000438
20050204      -0.003066
20050207       0.001538
20050208      -0.006800
20050209      -0.002650
20050210      -0.003986
20050211       0.027123
20050214       0.006277
20050215       0.008174
20050216      -0.000853
20050217      -0.005766
20050218      -0.003436
20050222      -0.020690
20050223       0.006602
20050224       0.013555
20050225      -0.001941
20050228      -0.006051
20050301      -0.000652
20050302       0.002176
20050303      -0.001086
20050304       0.008694
20050307       0.005171
20050308      -0.003215
20050309      -0.012903
20050310       0.008497
20050311      -0.006265
20050314       0.002609
20050315      -0.009974
20050316      -0.005256
20050317      -0.019595
20050318      -0.001347
20050321      -0.013492
20050322      -0.002507
20050323       0.019196
20050324       0.007623
20050328       0.005340
20050329       0.012616
20050330       0.021858
20050331      -0.002781
20050401      -0.009224
20050404      -0.000216
20050405       0.022087
20050406       0.008686
20050407       0.015543
20050408      -0.010134
20050411      -0.002298
20050412       0.003141
20050413       0.008664
20050414       0.005204
20050415       0.032719
20050418      -0.017846
20050419      -0.016537
20050420      -0.018061
20050421       0.016913
20050422      -0.011019
20050425       0.004204
20050426       0.003559
20050427       0.011056
20050428      -0.007840
20050429       0.022250
20050502       0.004475
20050503      -0.002430
20050504       0.009135
20050505      -0.010461
20050506      -0.003456
20050509       0.001020
20050510      -0.004483
20050511       0.008393
20050512      -0.002842
20050513      -0.007329
20050516       0.014561
20050517      -0.001213
20050518      -0.001214
20050519      -0.006282
20050520      -0.003263
20050523      -0.003682
20050524      -0.000616
20050525      -0.008835
20050526      -0.000415
20050527      -0.004562
20050531       0.005000
20050601       0.001866
20050602      -0.001448
20050603       0.000207
20050606       0.003729
20050607       0.006398
20050608      -0.002051
20050609       0.006576
20050610      -0.001633
20050613      -0.001023
20050614       0.003480
20050615       0.000000
20050616       0.001224
20050617       0.007131
20050620      -0.000809
20050621       0.001215
20050622       0.005460
20050623      -0.012872
20050624      -0.001223
20050627      -0.000612
20050628       0.010410
20050629      -0.005455
20050630      -0.004469
20050701       0.000408
20050705      -0.001632
20050706       0.003881
20050707      -0.003459
20050708       0.007760
20050711       0.006079
20050712       0.006848
20050713      -0.041308
20050714      -0.021616
20050715       0.005363
20050718      -0.009814
20050719      -0.001293
20050720       0.010787
20050721      -0.008324
20050722      -0.009040
20050725      -0.011946
20050726       0.005496
20050727       0.011150
20050728       0.012324
20050729      -0.004058
20050801       0.008364
20050802       0.005530
20050803       0.001058
20050804      -0.006339
20050805      -0.011482
20050808      -0.002366
20050809       0.004743
20050810       0.000000
20050811       0.003863
20050812      -0.005130
20050815       0.003868
20050816      -0.014983
20050817       0.001521
20050818      -0.001519
20050819      -0.004129
20050822       0.002837
20050823      -0.005657
20050824      -0.017068
20050825       0.004230
20050826      -0.008424
20050829       0.008943
20050830      -0.011079
20050831       0.011203
20050901       0.000222
20050902      -0.005760
20050906       0.009358
20050907       0.008389
20050908      -0.006349
20050909       0.003966
20050912      -0.007461
20050913      -0.012602
20050914      -0.018137
20050915      -0.003421
20050916       0.000915
20050919      -0.009831
20050920      -0.005080
20050921       0.000232
20050922       0.018794
20050923       0.007060
20050926      -0.035278
20050927       0.001641
20050928      -0.018488
20050929       0.003577
20050930       0.007365
20051003       0.001887
20051004       0.036017
20051005      -0.016587
20051006      -0.006007
20051007      -0.007438
20051010      -0.012178
20051011       0.005690
20051012      -0.001061
20051013       0.011164
20051014       0.001644
20051017      -0.002111
20051018      -0.003525
20051019       0.036557
20051020      -0.015700
20051021      -0.011789
20051024       0.003509
20051025       0.008858
20051026      -0.006238
20051027      -0.013253
20051028       0.007304
20051031       0.007018
20051101      -0.006272
20051102      -0.003273
20051103       0.003518
20051104      -0.005141
20051107      -0.000470
20051108      -0.000705
20051109       0.004233
20051110       0.002342
20051111       0.021729
20051114      -0.073405
20051115       0.023445
20051116      -0.021461
20051117       0.006900
20051118       0.000979
20051121      -0.012958
20051122      -0.026009
20051123      -0.008393
20051125      -0.000257
20051128      -0.000770
20051129      -0.020282
20051130      -0.011792
20051201      -0.002121
20051202       0.024714
20051205      -0.009596
20051206      -0.008379
20051207       0.003433
20051208       0.007632
20051209       0.018282
20051212       0.004616
20051213       0.007659
20051214       0.000000
20051215      -0.005574
20051216       0.023439
20051219       0.006473
20051220      -0.010636
20051221       0.009250
20051222       0.009165
20051223       0.002945
20051227      -0.011258
20051228      -0.001238
20051229      -0.013631
20051230      -0.009296
20060103       0.003043
20060104       0.001517
20060105       0.012875
20060106       0.019192
20060109       0.037173
20060110      -0.009668
20060111      -0.007024
20060112      -0.002172
20060113      -0.003628
20060117      -0.002913
20060118       0.003652
20060119       0.007763
20060120      -0.028647
20060123       0.003965
20060124      -0.011108
20060125       0.052671
20060126       0.027271
20060127      -0.007387
20060130      -0.001395
20060131       0.004891
20060201      -0.001159
20060202      -0.015777
20060203       0.001650
20060206      -0.001648
20060207      -0.007308
20060208      -0.001187
20060209       0.002140
20060210       0.007592
20060213       0.008477
20060214       0.021013
20060215       0.009604
20060216       0.004756
20060217      -0.000451
20060221      -0.007894
20060222      -0.002046
20060223      -0.010706
20060224       0.011973
20060227       0.011377
20060228      -0.006074
20060301      -0.004074
20060302      -0.012727
20060303       0.007827
20060306      -0.002284
20060307      -0.003434
20060308      -0.001149
20060309      -0.006670
20060310       0.016902
20060313       0.022996
20060314       0.005119
20060315       0.001993
20060316      -0.005525
20060317       0.004000
20060320      -0.020584
20060321      -0.007006
20060322       0.003641
20060323      -0.004989
20060324      -0.000228
20060327      -0.009346
20060328      -0.011505
20060329      -0.000931
20060330      -0.006524
20060331      -0.003987
20060403       0.010125
20060404      -0.007226
20060405       0.001644
20060406       0.004923
20060407      -0.018195
20060410       0.002138
20060411      -0.010313
20060412       0.004584
20060413      -0.003362
20060417      -0.008916
20060418       0.013372
20060419      -0.008157
20060420       0.013788
20060421       0.002147
20060424      -0.020476
20060425       0.001458
20060426      -0.002184
20060427       0.022379
20060428       0.016893
20060501      -0.009827
20060502      -0.004017
20060503       0.002372
20060504       0.006627
20060505       0.005643
20060508      -0.007014
20060509      -0.005180
20060510      -0.010888
20060511       0.005504
20060512      -0.014279
20060515       0.021246
20060516       0.008511
20060517      -0.019456
20060518       0.003108
20060519      -0.003336
20060522      -0.001674
20060523      -0.000239
20060524       0.009823
20060525       0.008304
20060526       0.004000
20060530      -0.003047
20060531       0.003761
20060601       0.012178
20060602      -0.002082
20060605      -0.015534
20060606      -0.005417
20060607       0.015629
20060608       0.006528
20060609      -0.003938
20060612      -0.006512
20060613      -0.006320
20060614       0.005889
20060615       0.008431
20060616      -0.006503
20060619      -0.010753
20060620      -0.002363
20060621       0.001184
20060622      -0.005441
20060623      -0.002141
20060626       0.001907
20060627      -0.009279
20060628       0.013208
20060629       0.016829
20060630       0.016550
20060703      -0.000688
20060705       0.000688
20060706       0.003898
20060707       0.000457
20060710      -0.003425
20060711       0.020848
20060712      -0.003478
20060713      -0.002720
20060714       0.000455
20060717       0.010679
20060718       0.004946
20060719       0.035347
20060720      -0.001513
20060721       0.013633
20060724       0.015372
20060725       0.010934
20060726      -0.020383
20060727       0.002548
20060728       0.012706
20060731      -0.001046
20060801      -0.005443
20060802      -0.007577
20060803       0.001485
20060804       0.000424
20060807       0.002117
20060808       0.006971
20060809      -0.007342
20060810       0.008453
20060811      -0.006496
20060814       0.011601
20060815       0.014596
20060816       0.012741
20060817      -0.003044
20060818      -0.002646
20060821      -0.006735
20060822       0.005548
20060823       0.001226
20060824      -0.003673
20060825      -0.000614
20060828       0.003484
20060829       0.000000
20060830      -0.015931
20060831       0.010793
20060901      -0.006776
20060905      -0.000413
20060906      -0.008687
20060907      -0.000626
20060908       0.020877
20060911      -0.005317
20060912       0.003289
20060913       0.007787
20060914      -0.000610
20060915       0.006714
20060918      -0.012126
20060919       0.005728
20060920      -0.012408
20060921      -0.007209
20060922      -0.006224
20060925       0.001044
20060926       0.002503
20060927       0.006241
20060928      -0.000827
20060929       0.004759
20061002      -0.006590
20061003      -0.013060
20061004      -0.009872
20061005      -0.016759
20061006      -0.003452
20061009       0.011041
20061010      -0.003212
20061011       0.004619
20061012      -0.000430
20061013       0.010334
20061016       0.005114
20061017       0.000424
20061018       0.013986
20061019       0.001463
20061020       0.017947
20061023       0.001025
20061024      -0.014540
20061025       0.003325
20061026      -0.008078
20061027      -0.004594
20061030      -0.012167
20061031       0.008919
20061101      -0.001894
20061102       0.000844
20061103       0.003793
20061106      -0.003568
20061107       0.008216
20061108      -0.012119
20061109      -0.030457
20061110       0.002836
20061113      -0.006961
20061114       0.011610
20061115       0.017540
20061116       0.010641
20061117       0.003790
20061120       0.001888
20061121      -0.005653
20061122       0.001263
20061124      -0.012618
20061127      -0.011928
20061128       0.000216
20061129       0.007974
20061130      -0.002352
20061201      -0.001929
20061204       0.032854
20061205       0.003950
20061206      -0.005798
20061207       0.000625
20061208      -0.001665
20061211      -0.002919
20061212       0.003555
20061213      -0.000625
20061214       0.002919
20061215       0.007692
20061218      -0.007015
20061219       0.002701
20061220      -0.006423
20061221       0.001043
20061222      -0.005625
20061226       0.010476
20061227       0.015965
20061228      -0.001429
20061229      -0.004496
20070103       0.005338
20070104       0.018991
20070105       0.000000
20070108       0.003607
20070109       0.008786
20070110       0.003266
20070111      -0.000794
20070112       0.001986
20070116       0.003171
20070117       0.018573
20070118       0.024054
20070119       0.013828
20070122      -0.003737
20070123       0.001125
20070124       0.003185
20070125      -0.017927
20070126      -0.000761
20070129       0.002093
20070130       0.010065
20070131      -0.003572
20070201      -0.002453
20070202      -0.003783
20070205      -0.003228
20070206      -0.000762
20070207      -0.000191
20070208      -0.005910
20070209       0.002493
20070212       0.008609
20070213      -0.000190
20070214      -0.000190
20070215       0.001898
20070216      -0.005871
20070220       0.001715
20070221       0.002472
20070222       0.017264
20070223      -0.000559
20070226       0.016421
20070227      -0.011566
20070228       0.014487
20070301      -0.015379
20070302      -0.014318
20070305      -0.004905
20070306       0.002275
20070307      -0.003405
20070308       0.013475
20070309       0.018539
20070312      -0.000184
20070313      -0.004965
20070314      -0.006283
20070315      -0.002604
20070316      -0.013985
20070319       0.005673
20070320       0.024445
20070321       0.003671
20070322      -0.003292
20070323      -0.011743
20070326       0.062755
20070327      -0.011181
20070328      -0.014841
20070329       0.000897
20070330      -0.000179
20070402       0.000179
20070403       0.015409
20070404      -0.006705
20070405       0.012969
20070409       0.003332
20070410      -0.002622
20070411       0.004644
20070412       0.007193
20070413       0.018812
20070416       0.006668
20070417       0.002038
20070418      -0.016441
20070419      -0.013614
20070420       0.010657
20070423      -0.011063
20070424      -0.000699
20070425       0.006822
20070426      -0.011293
20070427      -0.002636
20070430      -0.002467
20070501       0.006888
20070502       0.003157
20070503       0.003847
20070504       0.015503
20070507       0.011149
20070508      -0.001866
20070509      -0.002719
20070510      -0.023006
20070511       0.008896
20070514       0.001902
20070515       0.012597
20070516       0.006987
20070517      -0.003215
20070518       0.008998
20070521      -0.013461
20070522      -0.016033
20070523      -0.008320
20070524      -0.013110
20070525      -0.001594
20070529       0.004967
20070530      -0.014298
20070531       0.009133
20070601      -0.000887
20070604      -0.012078
20070605      -0.002337
20070606      -0.013516
20070607      -0.013884
20070608       0.005743
20070611      -0.004236
20070612      -0.013319
20070613       0.015935
20070614       0.000000
20070615       0.009780
20070618      -0.003289
20070619       0.002567
20070620      -0.007315
20070621      -0.008843
20070622      -0.017472
20070625       0.022512
20070626      -0.001480
20070627       0.000000
20070628      -0.004632
20070629      -0.003165
20070702       0.014379
20070703       0.000000
20070705      -0.001657
20070706      -0.004241
20070709      -0.005370
20070710      -0.014709
20070711       0.011621
20070712       0.010336
20070713      -0.009673
20070716       0.006011
20070717      -0.003174
20070718       0.005806
20070719       0.011546
20070720      -0.026694
20070723       0.019860
20070724      -0.026150
20070725      -0.003999
20070726      -0.023136
20070727      -0.020748
20070730       0.015791
20070731      -0.002558
20070801       0.005129
20070802       0.005103
20070803      -0.002343
20070806       0.039734
20070807       0.022214
20070808       0.036832
20070809      -0.024334
20070810       0.005279
20070813      -0.024086
20070814      -0.026350
20070815      -0.002287
20070816      -0.009360
20070817       0.016776
20070820      -0.006448
20070821      -0.000573
20070822      -0.004202
20070823       0.000384
20070824       0.007094
20070827      -0.009899
20070828      -0.023457
20070829       0.013782
20070830      -0.001748
20070831       0.009922
20070904      -0.006357
20070905       0.002714
20070906       0.022815
20070907      -0.019660
20070910      -0.003471
20070911       0.005418
20070912       0.005581
20070913      -0.001722
20070914      -0.001150
20070917      -0.002111
20070918       0.030967
20070919       0.006530
20070920      -0.004819
20070921       0.013969
20070924      -0.010654
20070925       0.009098
20070926      -0.006440
20070927       0.000926
20070928      -0.007956
20071001       0.029653
20071002       0.004528
20071003       0.001262
20071004       0.000180
20071005      -0.009723
20071008      -0.001091
20071009      -0.001456
20071010      -0.011301
20071011      -0.010232
20071012      -0.013493
20071015      -0.013678
20071016       0.000963
20071017      -0.014816
20071018       0.009180
20071019      -0.005225
20071022       0.004669
20071023       0.003486
20071024       0.020069
20071025       0.019107
20071026       0.003713
20071029       0.007028
20071030       0.003673
20071031      -0.000549
20071101      -0.009154
20071102      -0.001293
20071105      -0.000555
20071106       0.005924
20071107      -0.010858
20071108       0.003163
20071109       0.003709
20071112       0.010163
20071113       0.008048
20071114      -0.014516
20071115       0.003130
20071116       0.013399
20071119      -0.007064
20071120       0.013864
20071121      -0.015293
20071123       0.013886
20071126      -0.022346
20071127       0.030599
20071128       0.009122
20071129       0.010280
20071130       0.008947
20071203      -0.008694
20071204       0.008595
20071205       0.011478
20071206      -0.000172
20071207       0.001204
20071210       0.011680
20071211      -0.013752
20071212       0.000344
20071213       0.004646
20071214      -0.014902
20071217      -0.012867
20071218       0.016206
20071219      -0.007974
20071220       0.006465
20071221       0.011458
20071224       0.001545
20071226      -0.008055
20071227      -0.015549
20071228       0.004388
20071231      -0.018871
20080102      -0.006055
20080103      -0.006092
20080104       0.005769
20080107       0.030651
20080108       0.026261
20080109       0.017455
20080110       0.001166
20080111       0.011895
20080114      -0.009421
20080115      -0.004338
20080116       0.013910
20080117      -0.012397
20080118      -0.005356
20080122      -0.032643
20080123       0.008349
20080124      -0.015698
20080125      -0.027690
20080128       0.017304
20080129      -0.003366
20080130      -0.005333
20080131       0.004111
20080201       0.024386
20080204       0.008688
20080205      -0.012231
20080206       0.006802
20080207       0.006409
20080208      -0.022375
20080211      -0.008099
20080212      -0.006922
20080213       0.010188
20080214      -0.020170
20080215       0.003070
20080219       0.000360
20080220       0.000720
20080221      -0.013487
20080222      -0.005833
20080225       0.017052
20080226       0.001803
20080227      -0.018535
20080228      -0.005867
20080229      -0.012357
20080303      -0.005976
20080304       0.000188
20080305      -0.004884
20080306      -0.016799
20080307      -0.020157
20080310      -0.008621
20080311       0.005138
20080312       0.009438
20080313       0.023568
20080314      -0.022264
20080317       0.022966
20080318       0.023973
20080319       0.010591
20080320       0.023350
20080324      -0.004132
20080325      -0.016237
20080326      -0.009169
20080327      -0.008884
20080328      -0.008964
20080331       0.039194
20080401       0.001451
20080402      -0.016839
20080403       0.004236
20080404       0.005685
20080407       0.000547
20080408      -0.015856
20080409      -0.002407
20080410       0.000743
20080411      -0.013912
20080414      -0.006250
20080415      -0.010673
20080416      -0.010788
20080417      -0.008179
20080418      -0.004123
20080421      -0.003746
20080422      -0.000198
20080423       0.000792
20080424      -0.002373
20080425       0.016653
20080428       0.006435
20080429       0.036233
20080430      -0.013650
20080501       0.015545
20080502      -0.007467
20080505      -0.003197
20080506      -0.007924
20080507      -0.024534
20080508      -0.000195
20080509       0.009750
20080512       0.019312
20080513       0.030693
20080514       0.007904
20080515       0.000729
20080516      -0.002916
20080519       0.006215
20080520      -0.006721
20080521      -0.005852
20080522       0.009014
20080523      -0.010757
20080527       0.006082
20080528      -0.008976
20080529       0.034381
20080530       0.006969
20080602      -0.011890
20080603       0.000898
20080604       0.004845
20080605      -0.004821
20080606      -0.017405
20080609       0.000365
20080610      -0.010040
20080611      -0.013461
20080612       0.008037
20080613       0.003338
20080616       0.004066
20080617      -0.013989
20080618      -0.008587
20080619       0.019394
20080620      -0.014592
20080623       0.017620
20080624      -0.009947
20080625      -0.004093
20080626      -0.014758
20080627       0.004930
20080630      -0.000566
20080701       0.023409
20080702       0.000553
20080703       0.009403
20080707      -0.010228
20080708       0.058682
20080709      -0.008018
20080710       0.007731
20080711      -0.009765
20080714      -0.003721
20080715       0.028993
20080716      -0.015212
20080717       0.009303
20080718       0.001391
20080721      -0.013894
20080722       0.016027
20080723      -0.012134
20080724      -0.000526
20080725       0.008076
20080728      -0.021073
20080729      -0.004803
20080730       0.016267
20080731      -0.008971
20080801      -0.004792
20080804       0.021223
20080805       0.025323
20080806       0.001192
20080807      -0.007145
20080808       0.011480
20080811      -0.002202
20080812      -0.000340
20080813      -0.007303
20080814       0.004277
20080815       0.015673
20080818      -0.011070
20080819      -0.001696
20080820      -0.008835
20080821      -0.005142
20080822       0.007581
20080825      -0.012312
20080826      -0.003289
20080827       0.002606
20080828       0.017845
20080829      -0.022468
20080902       0.027512
20080903      -0.018302
20080904      -0.023477
20080905       0.007778
20080908       0.024733
20080909      -0.016090
20080910       0.007307
20080911       0.024352
20080912      -0.003709
20080915      -0.010323
20080916       0.022743
20080917      -0.042802
20080918       0.014498
20080919       0.010847
20080922      -0.026742
20080923       0.023976
20080924       0.005811
20080925       0.008156
20080926       0.001180
20080929      -0.033670
20080930       0.003136
20081001       0.012331
20081002       0.010465
20081003      -0.006621
20081006      -0.036062
20081007      -0.009220
20081008      -0.010558
20081009      -0.091156
20081010      -0.008756
20081013       0.096259
20081014       0.010515
20081015      -0.016429
20081016       0.027840
20081017       0.001445
20081020       0.037685
20081021      -0.027107
20081022      -0.038043
20081023       0.021537
20081024      -0.013086
20081027      -0.020810
20081028       0.034418
20081029      -0.015091
20081030       0.007200
20081031       0.010814
20081103       0.015412
20081104       0.007321
20081105      -0.021805
20081106      -0.026096
20081107       0.029029
20081110       0.001447
20081111      -0.003792
20081112      -0.012144
20081113       0.048440
20081114      -0.036402
20081117       0.004722
20081118       0.022596
20081119      -0.036238
20081120      -0.076486
20081121       0.023237
20081124      -0.014363
20081125       0.008665
20081126       0.002928
20081128       0.019856
20081201      -0.042756
20081202       0.036291
20081203       0.022705
20081204      -0.021072
20081205       0.013838
20081208       0.003223
20081209      -0.017952
20081210      -0.008659
20081211      -0.009511
20081212      -0.005487
20081215       0.017537
20081216       0.029435
20081217      -0.020692
20081218      -0.001345
20081219       0.005386
20081222       0.008418
20081223      -0.004743
20081224       0.003622
20081226      -0.002659
20081229      -0.006475
20081230       0.018976
20081231       0.003950
20090102       0.003560
20090105      -0.017177
20090106      -0.032675
20090107      -0.005499
20090108       0.011058
20090109      -0.000586
20090112      -0.021692
20090113       0.007191
20090114      -0.011786
20090115      -0.005054
20090116       0.014222
20090120      -0.014423
20090121       0.063415
20090122       0.013188
20090123      -0.003773
20090126       0.023480
20090127       0.006290
20090128       0.010480
20090129       0.008188
20090130       0.000541
20090202       0.002345
20090203       0.025373
20090204      -0.018779
20090205       0.011089
20090206       0.010968
20090209       0.001750
20090210      -0.025502
20090211      -0.001613
20090212       0.007720
20090213      -0.021201
20090217      -0.018384
20090218       0.005006
20090219       0.004797
20090220      -0.007896
20090223      -0.011660
20090224       0.025094
20090225      -0.020460
20090226      -0.056695
20090227      -0.064057
20090302      -0.006337
20090303      -0.025935
20090304       0.029681
20090305      -0.024163
20090306       0.018462
20090309      -0.005118
20090310       0.007074
20090311      -0.053427
20090312       0.049022
20090313       0.004287
20090316       0.021345
20090317       0.026959
20090318      -0.010378
20090319      -0.022620
20090320       0.000210
20090323       0.025663
20090324      -0.047170
20090325      -0.009255
20090326       0.009125
20090327       0.003229
20090330       0.027682
20090331      -0.003967
20090401      -0.020964
20090402      -0.028266
20090403      -0.027766
20090406      -0.017226
20090407      -0.010148
20090408       0.017474
20090409       0.008244
20090413       0.017034
20090414       0.007436
20090415      -0.045851
20090416       0.000703
20090417       0.028110
20090420       0.004557
20090421       0.006351
20090422      -0.042146
20090423       0.020235
20090424      -0.006227
20090427       0.001624
20090428      -0.003475
20090429      -0.009068
20090430      -0.018067
20090501      -0.007885
20090504       0.039981
20090505       0.012737
20090506      -0.018294
20090507       0.039366
20090508       0.006948
20090511      -0.001335
20090512       0.012035
20090513       0.001982
20090514      -0.019121
20090515      -0.029352
20090518      -0.002770
20090519      -0.007407
20090520       0.004664
20090521       0.005571
20090522       0.014312
20090526       0.014338
20090527      -0.004039
20090528       0.004731
20090529       0.010314
20090601      -0.001775
20090602       0.003780
20090603      -0.000665
20090604      -0.008200
20090605       0.005140
20090608      -0.005558
20090609      -0.008495
20090610      -0.004510
20090611       0.009287
20090612       0.019300
20090615      -0.015192
20090616       0.000000
20090617       0.026604
20090618       0.037892
20090619      -0.001679
20090622      -0.018285
20090623       0.003211
20090624       0.002774
20090625       0.021920
20090626      -0.012287
20090629       0.008223
20090630      -0.016311
20090701      -0.008503
20090702      -0.007719
20090706      -0.006050
20090707      -0.014348
20090708       0.021394
20090709      -0.008206
20090710      -0.011322
20090713       0.025105
20090714       0.007367
20090715      -0.026027
20090716      -0.007509
20090717      -0.010458
20090720       0.012143
20090721      -0.000222
20090722      -0.017333
20090723      -0.008593
20090724       0.026688
20090727       0.000444
20090728       0.008883
20090729       0.005723
20090730       0.000219
20090731      -0.015536
20090803      -0.003779
20090804      -0.011602
20090805      -0.006772
20090806      -0.008409
20090807       0.004813
20090810       0.015511
20090811       0.004043
20090812      -0.015436
20090813       0.007044
20090814       0.000903
20090817       0.009017
20090818      -0.009607
20090819       0.018949
20090820       0.002435
20090821       0.002429
20090824       0.015202
20090825      -0.003472
20090826       0.003267
20090827       0.011721
20090828      -0.014804
20090831      -0.015026
20090901      -0.002432
20090902      -0.002660
20090903       0.001333
20090904       0.012650
20090908       0.006136
20090909       0.009802
20090910       0.011001
20090911      -0.000853
20090914       0.010677
20090915      -0.005071
20090916      -0.007857
20090917      -0.007705
20090918      -0.008412
20090921       0.011964
20090922       0.004514
20090923      -0.012840
20090924       0.017559
20090925       0.008309
20090928       0.026410
20090929       0.010704
20090930       0.007536
20091001      -0.015969
20091002       0.023829
20091005       0.009831
20091006      -0.002980
20091007      -0.002790
20091008       0.001399
20091009      -0.000599
20091012      -0.001597
20091013       0.001000
20091014       0.031219
20091015       0.013867
20091016      -0.009247
20091019       0.015555
20091020      -0.007084
20091021      -0.013691
20091022       0.019941
20091023      -0.016485
20091026      -0.008186
20091027       0.006485
20091028      -0.003905
20091029      -0.003136
20091030      -0.005702
20091102       0.006723
20091103      -0.009428
20091104       0.009518
20091105       0.013946
20091106      -0.001744
20091109       0.015913
20091110       0.008596
20091111       0.008712
20091112      -0.000563
20091113      -0.005260
20091116       0.012842
20091117      -0.005967
20091118      -0.002439
20091119      -0.004137
20091120       0.012840
20091123      -0.009508
20091124       0.020892
20091125       0.003134
20091127      -0.006065
20091130       0.007581
20091201      -0.000184
20091202      -0.000734
20091203      -0.003674
20091204      -0.008481
20091207      -0.002231
20091208      -0.007827
20091209       0.006950
20091210       0.008580
20091211      -0.005548
20091214       0.000186
20091215       0.003905
20091216      -0.002037
20091217      -0.005568
20091218      -0.004479
20091221       0.010874
20091222       0.003709
20091223      -0.000554
20091224       0.001109
20091228       0.007017
20091229      -0.004951
20091230       0.005160
20091231      -0.010084
20100104       0.008705
20100105      -0.008079
20100106       0.005553
20100107       0.008284
20100108       0.005112
20100111       0.005086
20100112      -0.002892
20100113       0.009425
20100114       0.001085
20100115       0.002529
20100119       0.012795
20100120       0.000712
20100121      -0.012091
20100122      -0.018899
20100125       0.003486
20100126      -0.004022
20100127      -0.010646
20100128       0.000928
20100129      -0.018721
20100201       0.007556
20100202       0.020622
20100203       0.003858
20100204      -0.015188
20100205       0.002787
20100208      -0.011488
20100209       0.000000
20100210      -0.001687
20100211       0.005257
20100212       0.007284
20100216       0.012238
20100217       0.002931
20100218       0.004018
20100219      -0.010733
20100222       0.000368
20100223      -0.007904
20100224       0.006670
20100225      -0.003865
20100226       0.002956
20100301       0.000184
20100302       0.005342
20100303      -0.009161
20100304       0.000000
20100305       0.004438
20100308       0.001841
20100309       0.006983
20100310       0.004197
20100311       0.009268
20100312      -0.018365
20100315       0.005136
20100316      -0.002190
20100317      -0.003292
20100318      -0.013394
20100319      -0.005765
20100322       0.007669
20100323       0.008725
20100324      -0.008649
20100325      -0.006497
20100326      -0.011584
20100329       0.004159
20100330      -0.011483
20100331       0.003238
20100401       0.005315
20100405      -0.000566
20100406      -0.001700
20100407      -0.006435
20100408      -0.004190
20100409       0.008608
20100412      -0.001138
20100413       0.000949
20100414       0.000574
20100415       0.000956
20100416      -0.001910
20100419       0.012438
20100420       0.002835
20100421      -0.024124
20100422      -0.012746
20100423       0.001565
20100426      -0.016211
20100427      -0.011912
20100428       0.010046
20100429       0.009548
20100430       0.008079
20100503      -0.005669
20100504      -0.013367
20100505      -0.000797
20100506      -0.022931
20100507      -0.005714
20100510       0.019910
20100511      -0.005836
20100512      -0.005061
20100513      -0.010987
20100514      -0.002263
20100517      -0.001443
20100518      -0.007846
20100519      -0.002289
20100520      -0.030455
20100521       0.009897
20100524       0.013208
20100525      -0.006939
20100526      -0.001270
20100527       0.014840
20100528      -0.006476
20100601      -0.013036
20100602       0.011504
20100603       0.005265
20100604      -0.025141
20100607      -0.006447
20100608       0.001731
20100609      -0.009717
20100610       0.029219
20100611       0.000000
20100614       0.002754
20100615       0.017748
20100616       0.012871
20100617      -0.003279
20100618       0.002879
20100621      -0.009637
20100622      -0.006418
20100623      -0.008960
20100624      -0.002103
20100625      -0.005689
20100628      -0.000212
20100629      -0.011234
20100630       0.002787
20100701      -0.006841
20100702       0.000000
20100706       0.004950
20100707       0.021846
20100708       0.008174
20100709      -0.001455
20100712      -0.004372
20100713       0.006064
20100714       0.003776
20100715       0.003553
20100716      -0.019783
20100719       0.007223
20100720       0.001266
20100721       0.025490
20100722       0.006779
20100723      -0.001632
20100726       0.006336
20100727       0.000609
20100728      -0.001015
20100729      -0.004876
20100730       0.002042
20100802       0.015281
20100803       0.003412
20100804       0.003600
20100805      -0.003986
20100806       0.011805
20100809       0.006130
20100810       0.011596
20100811      -0.020983
20100812       0.000000
20100813      -0.006549
20100816       0.005593
20100817       0.006953
20100818      -0.009075
20100819      -0.018117
20100820       0.000406
20100823       0.008918
20100824      -0.006027
20100825       0.006871
20100826      -0.006423
20100827       0.006869
20100830      -0.007022
20100831      -0.003031
20100901       0.018849
20100902       0.006763
20100903       0.002569
20100907      -0.004927
20100908      -0.000792
20100909       0.012686
20100910       0.008808
20100913      -0.001746
20100914      -0.000777
20100915       0.004863
20100916      -0.000968
20100917       0.000581
20100920       0.012006
20100921      -0.002105
20100922      -0.003068
20100923      -0.007502
20100924       0.006589
20100927       0.003080
20100928       0.005374
20100929       0.002100
20100930      -0.004763
20101001       0.006508
20101004      -0.001331
20101005       0.010855
20101006      -0.001884
20101007      -0.007550
20101008       0.004374
20101011       0.000000
20101012       0.013255
20101013       0.002056
20101014       0.000564
20101015      -0.000752
20101018       0.009404
20101019      -0.014906
20101020      -0.008511
20101021       0.008012
20101022      -0.005299
20101025      -0.000951
20101026       0.003428
20101027      -0.019928
20101028       0.002130
20101029      -0.008309
20101101      -0.014030
20101102       0.005534
20101103       0.003145
20101104      -0.003135
20101105       0.000786
20101108      -0.009230
20101109      -0.007929
20101110       0.002398
20101111      -0.007774
20101112      -0.024106
20101115      -0.008646
20101116      -0.010382
20101117       0.002937
20101118      -0.003766
20101119      -0.004620
20101122      -0.003165
20101123      -0.006349
20101124       0.000213
20101126      -0.003407
20101129      -0.006624
20101130       0.000430
20101201       0.010750
20101202       0.012763
20101203      -0.005041
20101206      -0.009500
20101207      -0.000639
20101208      -0.003412
20101209       0.008560
20101210       0.010397
20101213      -0.002940
20101214       0.012005
20101215       0.001457
20101216       0.009144
20101217      -0.003295
20101220      -0.002686
20101221      -0.005594
20101222      -0.003333
20101223      -0.000627
20101227      -0.008994
20101228       0.000211
20101229       0.000633
20101230       0.003163
20101231       0.007147
