nibm        vol       vix
-0.1094784 0.01700121 29.99
0.01530858 0.01614694 26.6
-0.008681209 0.03786369 26.97
0.004664864 0.03602087 28.67
0.01074553 0.03403132 29.84
-0.0094086 0.03211091 27.99
-0.002672426 0.0304799 26.8
-0.001333111 0.02887201 25.79
0.01139063 0.02723618 24.56
-0.04157659 0.02569595 25.28
-0.1135367 0.02454973 24.93
-0.02675974 0.02658981 23.37
0.02445357 0.04380945 23.24
-0.004595425 0.04207662 23.25
-0.01252819 0.04041217 21.57
-0.002826003 0.0380774 22.03
-0.03056606 0.03606441 22.64
-0.006916029 0.03398241 22.57
-0.01407646 0.03340907 22.61
0.04033565 0.03154738 22.57
-0.0181385 0.03004417 22.02
0.03370467 0.03117529 21.66
-0.01752946 0.02991249 21.95
-0.01740269 0.0302401 22.19
-0.02465164 0.02901474 21.98
0.02432958 0.0278788 21.67
0.01857648 0.02738679 21.46
-0.02556345 0.02702506 22.03
0.01005943 0.02621623 21.92
-0.01179813 0.02598154 21.37
-0.0144905 0.02475253 21.52
0.01535935 0.02363784 20.27
0.03090776 0.02275715 22.12
0.03644098 0.02209103 24.69
-0.01284613 0.02315682 25.75
0.0460387 0.02484417 26.76
-0.01242252 0.02377498 27.21
0.02607296 0.02690913 25.43
0.0265709 0.02566522 26.49
-0.05974141 0.0256652 28.35
0.03600134 0.02571795 28.08
-0.02519298 0.03070574 27.43
-0.01033639 0.03120009 27.12
-0.01451711 0.0304332 25.89
0.01009276 0.02885858 24.12
0.06981857 0.02757307 24.29
0.03902361 0.02623198 25.62
-0.02991796 0.03338006 30.32
0.03548315 0.03388611 27.55
-0.006298125 0.03326414 29.61
0.05883429 0.03338162 28.56
-0.02736903 0.03150977 29.91
0.04754874 0.03520542 29.78
-0.008795209 0.03424378 30.96
-0.0002239749 0.03571526 31.93
-0.0483091 0.03374812 32.84
-0.02001045 0.03180172 30.45
-0.04207912 0.03359616 29.04
0.05251088 0.03225499 27.04
-0.006650834 0.03313886 28.58
-0.01192363 0.03550446 29.17
0.01593021 0.03350483 28.64
0.04615808 0.03177789 31.21
-0.01765523 0.03041101 34.72
-0.06531947 0.03229769 34.07
0.002650509 0.03092011 29.94
0.02010883 0.03568203 31.69
-0.03127674 0.03363208 31.91
0.01649022 0.03236966 29.44
0.01270436 0.03202991 28.46
-0.00570072 0.03067493 26.12
-0.03003539 0.02922663 26.33
-0.06597967 0.02760835 25.61
-0.07216809 0.02767467 24.13
-0.003140065 0.03337308 24.16
0.02495377 0.03882046 25.38
-0.005964179 0.03657084 28.16
-0.01916419 0.03539583 28.49
0.009712009 0.03339119 27.4
-0.02139743 0.03201555 25.96
0.00916386 0.03035381 24.02
-0.02884884 0.0293718 25.48
0.02659349 0.02787031 24.2
0.01484058 0.02778157 24.23
-0.01881881 0.02759606 25.78
-0.0003449405 0.02649126 23.91
-0.01660045 0.02565941 24.86
0.006135785 0.02421766 24.44
0.01533295 0.02342642 24.35
0.02986866 0.02222996 24
-0.006685601 0.02160926 23.54
-0.009021186 0.02260778 24.26
-0.01935743 0.02144777 23.71
0.006323954 0.02045116 21.89
-0.02038677 0.02024199 21.47
-0.01353203 0.01927397 21.23
0.008690655 0.0192978 20.76
0.005182405 0.01872268 21.35
-0.01856559 0.01797297 22.08
0.0151644 0.01712764 20.57
0.02171099 0.01721559 20.6
0.02299129 0.0170747 22.14
0.007573607 0.01767716 22.76
-0.009702775 0.01835582 22.64
-0.006622026 0.01757919 21.59
-0.02888187 0.01691076 21.38
-0.004520766 0.01615178 19.58
0.002130267 0.01777382 20.39
0.009856415 0.01688886 19.67
-0.01079453 0.01604099 19.92
0.0009374393 0.01558632 20.7
0.006073406 0.01515481 20.7
0.006802082 0.01441084 21.45
0.01874968 0.01387409 23.12
-0.005880675 0.01342033 22.81
-0.004975601 0.01419433 23.17
0.01535631 0.01361356 22.34
0.004342415 0.0130448 21.71
-0.002395129 0.01343786 19.38
0.001950902 0.01290351 20.02
-0.003456021 0.01232519 20.67
-0.004237011 0.0118044 21.2
-0.01382203 0.01133134 20.88
0.01841349 0.01091951 20.01
-0.0118762 0.01129041 19.06
0.01205335 0.01239524 18.76
0.007819493 0.01237224 18.92
0.05124593 0.01248623 20.09
0.01685526 0.01222245 21.63
0.02670955 0.0202062 22.48
-0.01836728 0.01990405 23.25
-0.03221546 0.02073806 24.01
-0.01186434 0.02040905 22.09
0.006563493 0.02176495 21.14
-0.006563414 0.02088126 22.91
0.03994738 0.01987636 22.61
0.002688611 0.01890139 23.6
-0.01621384 0.02205694 22.51
-0.001417994 0.02087116 22.34
0.01273981 0.02035083 23.74
-0.003629406 0.01925124 25.24
-0.01052739 0.01870937 24
0.01233982 0.01774215 23.01
-0.01092411 0.017107 22
0.006064351 0.01673471 22.69
-0.01743119 0.01620968 21.62
-0.01612233 0.01552987 20.56
0.005715301 0.01569242 20.09
0.01555739 0.01569896 19.89
0.002443984 0.01504363 21.89
0.01823627 0.01519432 21.01
0.001056558 0.01447171 22.32
-0.008324257 0.01501411 21.75
-0.008633623 0.01428138 20.55
-0.003206853 0.01381063 20.42
0.01126825 0.01339906 20.48
-0.007022286 0.01279826 20.91
0.0110296 0.01278434 21.54
0.004696009 0.01237126 23.84
0.0214586 0.01238429 22.87
-0.02011238 0.01195047 24.4
0.009276898 0.01341092 22.44
-0.03800651 0.01420872 22.23
0.001215739 0.01388303 19.71
0.01803567 0.0177841 20.56
0.007843681 0.01686229 22
0.03687666 0.01705549 23.03
0.004093366 0.01639425 25.41
-0.0152905 0.019597 24.92
0.01129657 0.01860502 25.85
0.02369656 0.01822731 26.35
0.01449251 0.01767565 28.61
0.001242772 0.01844734 30.99
0.03298301 0.01811866 31.84
-0.0322571 0.01717459 41.76
0.004157631 0.01947362 38.87
0.0274565 0.02099988 40.56
0.03154124 0.01991384 43.74
-0.04641974 0.02084693 42.66
0.003698832 0.02220556 37.75
0.03391983 0.02554653 35.81
0.01434135 0.02415052 35.26
-0.01893068 0.02530908 34
-0.01073616 0.02435734 31.93
-0.01136814 0.02372521 32.32
-0.03335063 0.02263681 31.18
-0.003706124 0.02165982 31.34
-0.007269513 0.02297004 31.97
-0.004885049 0.02172178 33.39
0.0139032 0.02064062 35.12
-0.00113136 0.01956785 34.83
-0.02186716 0.01908358 31.6
-0.01438307 0.01806622 31.5
-0.01143734 0.01840324 35.27
0.001472083 0.01797276 35.31
-0.01025622 0.0173736 32.88
0.01606638 0.01648264 35.08
-0.01363364 0.01593742 34.95
-0.02501354 0.01603243 34.11
-0.005306893 0.01577364 32.25
-0.02575059 0.01687076 32
-0.01906706 0.01607042 30.95
-0.004507824 0.01722417 29.46
0.02311511 0.01735384 28.42
-0.0002759619 0.01649787 31.64
0.005352298 0.01737516 33.46
-0.01670076 0.01647124 33.56
0.003555313 0.01574248 32.31
-0.004282816 0.01580184 30.71
-0.03765603 0.01506282 30.5
0.001753537 0.01436475 28.8
0.0003510616 0.01804622 29.13
-0.002369191 0.01711336 28.62
-0.006813734 0.01622959 27.44
-0.01589205 0.01541336 29.35
0.02034251 0.01477578 26.47
-0.003491896 0.01486767 26.56
0.002181377 0.01562586 25.56
-0.004357492 0.01486933 25.07
-0.003818699 0.01416466 24.46
0.009574691 0.01353489 24.12
-0.008794217 0.01293793 24.19
-0.008460112 0.01276097 23.25
0.0184797 0.01245548 23.79
0.01811407 0.01215672 24
-0.0201261 0.01310937 25.9
-0.01008597 0.01384698 25.18
0.01271145 0.01457569 23.84
-0.02175366 0.01418831 25.77
-0.0399983 0.01415204 24.08
0.01043324 0.01505647 23.02
-0.002161662 0.01902019 23.71
0.006164964 0.01834495 23.49
-0.01525997 0.01738287 25.62
-0.01389502 0.01661798 25.3
0.02423634 0.01643974 24.87
-0.007044132 0.0161616 25.91
-0.001980038 0.01725374 24.63
-0.007062998 0.0164855 24.26
-0.01373524 0.01564767 23.29
0.009651426 0.01500259 22.58
0.005721336 0.01485999 23.67
0.004518192 0.01449961 22.5
-0.007791567 0.01393903 22.62
-0.008946857 0.01337199 22.29
0.004869838 0.01294977 21.59
0.01591091 0.01263669 21.4
-0.004454066 0.01218961 23.8
-0.01762182 0.01277958 22.71
-0.01556622 0.01225856 21.34
0.01241778 0.0129048 20.45
-0.005226319 0.01320084 21.94
0.00168542 0.01325091 21.83
0.01905745 0.01271933 22.13
0.01509638 0.01216311 22.36
0.01896368 0.01320062 22.6
-0.006754139 0.01354104 23.58
0.01227503 0.01432476 22.7
-0.02107143 0.01377053 23.45
0.04826945 0.01374036 22.25
0.03337376 0.01461758 22.52
0.02381023 0.02085212 23.61
-0.007571265 0.02248401 21.88
-0.005137779 0.02261835 21.15
0.01039383 0.02148485 21.01
0.04879011 0.02036097 21.14
-0.02445551 0.01957376 24.35
-0.02192782 0.02428593 23.22
-0.00101948 0.02415332 21.09
0.01117319 0.023794 21.12
0.004692995 0.02247099 24.87
-0.004411256 0.02155992 25.45
0.02584 0.02044941 26.09
-0.01034035 0.01937955 25.11
-0.02250877 0.02017731 23.26
0.007571592 0.01933695 21.78
-0.01397687 0.0195832 21.62
0.001667389 0.01871348 20.85
0.04745121 0.01822321 21.77
0.03310084 0.01727722 22.37
0.002313674 0.02240067 24.43
0.029948 0.0237251 22.66
-0.02124962 0.02242525 23.8
0.001525162 0.02331029 22.86
0.01176797 0.02297606 21.84
-0.006974621 0.02171549 21.68
-0.002959616 0.02089899 21.49
-0.04873207 0.0198656 21.59
-0.02757236 0.01881096 19.96
0.002174362 0.0234839 20.5
-0.005944298 0.02378086 20.3
0.02466674 0.02247563 19.94
-0.01321825 0.02130452 20.04
-0.001425983 0.02168478 19.27
-0.0305069 0.02088581 19.84
0.01224061 0.01975135 19.59
0.005425692 0.02096975 19.46
-0.001780414 0.02024425 19.2
0.004128511 0.01924552 18.42
-0.01066196 0.01822056 18.93
0.01868651 0.01732508 18.16
-0.01205999 0.01673293 18.46
0.01111252 0.01701597 18.15
0.01950703 0.01654232 17.77
0.006393394 0.01613045 18.48
-0.004750698 0.01659238 18.13
-0.005882663 0.01589749 17.7
0.01102253 0.01515136 17.4
0.01874357 0.01449694 18.73
0.009855405 0.01427756 19.16
-0.008764479 0.01491467 20.2
0.03625017 0.01456383 19.78
0.1066747 0.01409412 19.13
-0.003767893 0.01781383 19.61
-0.01437124 0.03806173 19.47
0.05567234 0.03586384 18.19
-0.0166093 0.0340694 20.3
0.002925274 0.03675365 19.42
-0.009909736 0.03499416 19.82
0.01625642 0.03298974 18.11
-0.04766096 0.03123061 18.43
-0.0005618421 0.02992396 19.29
0.01209485 0.03193768 18.3
0.00684739 0.03010308 19.77
0.009549451 0.02866818 20.28
-0.002425057 0.02714068 20.77
0.02333516 0.02580805 20.95
0.009727156 0.02436367 22.14
0.001551202 0.02423058 24.05
-0.006426307 0.02311388 21.91
0.005232667 0.02184467 20.06
0.02511578 0.02072929 20.07
0.07329891 0.01969085 20.19
-0.006557453 0.0203484 22.56
-0.07671935 0.0303763 21.94
0.03104082 0.02870126 20.39
0.003132902 0.0363126 21.56
-0.03101502 0.03565714 22.41
-0.0392486 0.0336138 20.72
0.01153123 0.03311916 19.35
-0.01118027 0.03354395 19.19
-0.002805062 0.03184451 18.5
0.01457673 0.03020364 17.7
0.01191166 0.0284854 19.24
-0.006569374 0.02729589 20.05
-0.004158342 0.02605646 19.58
0.0149299 0.02466263 18.23
0.01234995 0.02331138 18.9
0.005865167 0.0225659 20.31
-0.007934439 0.02171524 20.39
0.02212803 0.02062802 20.61
0.02951738 0.01964749 19.98
-0.01524618 0.01994773 23.37
-0.01551403 0.02116395 23.89
0.01111049 0.02054452 22.61
0.01722042 0.02000089 24.16
0.01934287 0.01928545 23.51
0.01720415 0.01911349 23.72
0.01118937 0.01917273 24.45
-0.0126457 0.01901143 24.15
-0.007511716 0.01838444 25.02
-0.01265459 0.01782894 25.96
0.01567826 0.01703656 24.64
0.03470118 0.01660367 24.24
0.02442692 0.01658053 26.06
0.04033878 0.01932516 27.48
-0.0137234 0.01994764 27.23
0.01590786 0.02292749 26.98
-0.02091671 0.02205782 27.84
-0.02606728 0.02149665 28.42
-0.001390033 0.02132307 26.29
0.06305802 0.02172435 25.4
-0.01439292 0.02053534 27.11
-0.02775329 0.02805386 28.96
-0.04153054 0.02682227 29.42
0.03038911 0.02673948 27.11
0.02312636 0.02838896 28.25
0.01314806 0.02853138 30.22
-0.0094086 0.02794674 34.1
0.002885158 0.02672099 33.85
-0.02553421 0.02536721 32.94
0.02842828 0.02396946 35.03
-0.02405241 0.02398339 36.65
-0.01905627 0.02445701 35.45
0.0006942409 0.02426576 35.12
0.04983226 0.02365198 38.17
0.02139525 0.02234143 41.87
-0.03646307 0.02651209 44.92
0.002735739 0.02597589 39.86
0.04346925 0.02703688 39.27
-0.06951487 0.02553018 35.51
-0.008533486 0.0278755 31.33
0.0195519 0.03422917 31.92
0.03101606 0.03235135 32.03
0.005435747 0.03115733 36.95
0.02823796 0.03104437 41.29
-0.02853303 0.02932811 45.08
-0.02069732 0.02913673 42.03
-0.03466709 0.02887646 38.73
-0.003067291 0.02797219 36.33
0.0008353488 0.02852208 35.33
-0.001809362 0.0269116 37.05
-0.04114482 0.02539483 35.82
-0.0208697 0.02397277 32.36
-0.0365778 0.02605201 29.43
-0.03880909 0.02541618 28.81
0.01490046 0.02657808 28.61
0.00332753 0.02786656 29.59
-0.01214791 0.02674394 28.23
0.01958351 0.02526453 27.75
0.0122639 0.02412867 29.32
0.01855407 0.02367081 29.89
0.02467289 0.02272651 30.11
-0.007336025 0.02231874 33.32
0.01631639 0.0225694 33.67
0.04102618 0.02143168 32.64
-0.01889437 0.02096215 39.97
0.02124713 0.02383492 37.44
-0.01403209 0.02324848 38.86
-0.01760413 0.0230328 36.33
-0.01465706 0.02217331 36.45
0.01869262 0.02164018 35.08
0.03190561 0.02093776 34.81
-0.008727802 0.02072706 37.5
0.002486088 0.02215995 35.82
0.007913227 0.02110015 36.74
0.03114191 0.01997416 38.01
0.07074011 0.01909042 37.52
0.01367305 0.0206999 40.65
0.008641228 0.02996488 38.98
0.05882156 0.02861519 39.68
-0.05312457 0.02714702 40.52
0.01583674 0.03182794 37.33
0.02713073 0.03433637 34.6
0.03455314 0.03277299 36.97
-0.04788309 0.03212095 39.69
0.02549834 0.03227301 34.12
-0.006185828 0.03393092 36.83
0.05833593 0.03303268 37.31
-0.00458348 0.03118089 39.46
-0.003336428 0.03486012 42.64
0.03532256 0.0328693 41.02
-0.04456984 0.03098922 42.13
-0.1044573 0.03136766 37.55
0.007852752 0.0327077 35.7
-0.07676287 0.04517695 36.04
0.05369407 0.04261524 34.02
-0.1065927 0.04686774 36
-0.02799739 0.04737656 34.1
-0.0173565 0.0559007 33.53
0.01413037 0.05332035 33.11
-0.00147591 0.05046165 34.09
0.0340864 0.04772454 33.2
-0.03354986 0.04492391 34.03
-0.02647054 0.04370755 30
-0.002348241 0.04246344 31.07
-0.02483894 0.04081976 32.27
-0.003426124 0.0384429 31.23
-0.01832605 0.0370188 31.14
-0.02578372 0.03488235 29.3
0.009988722 0.0333456 30.82
-0.0001219926 0.03242821 31.23
0.03227942 0.03074818 30.73
0.01737609 0.02898784 31.42
0.003873492 0.02926823 29.41
-0.02378 0.02818552 31.3
-0.002523813 0.02662272 30.58
-0.01711765 0.02617915 31.24
0.008834913 0.02471199 28.67
0.01042819 0.02391407 26.65
0.01028269 0.02278148 27.66
-0.04051027 0.02180675 27.41
-0.03952259 0.02089945 25.32
0.00555138 0.02348656 23.81
-0.02074728 0.02540216 23.16
0.01331323 0.02405624 24.07
-0.03056509 0.02360224 25.97
0.008933788 0.02272598 27.25
-0.004362471 0.02349033 27.5
0.02423122 0.02239254 27.46
0.01799901 0.02119269 28.33
0.007556478 0.02153651 28.92
0.008948922 0.02119995 30.1
0.03372536 0.02021052 28.88
-0.01508859 0.01935803 30.78
-0.007889794 0.02132706 28.76
0.01571687 0.02068188 27.76
0.00212225 0.01969581 27.29
-0.0200477 0.01934626 28.18
0.0161802 0.01833126 26.24
0.01480201 0.01843141 26.66
0.005957712 0.01825395 28.29
-0.01426379 0.01797124 30.21
-0.005872722 0.01715427 26.71
0.006249487 0.01683523 26.2
0.0159231 0.01605523 26.49
0.01462848 0.01539559 27.37
0.01445294 0.01554182 29.55
-0.01626009 0.01553675 29.62
-0.03884853 0.01551495 28.62
-0.01331595 0.01555619 25.39
-0.02348212 0.01913805 24.68
-0.02842321 0.01856205 24.91
0.02127062 0.01902487 25.13
-0.03283208 0.02006641 25.53
-0.007785613 0.02021767 24.25
0.001940882 0.02169838 24.32
-0.01215285 0.02063638 24.9
0.01123892 0.01953314 24.57
0.0177384 0.01884685 25.51
0.05678201 0.01823725 25.01
0.009391967 0.01823311 25.7
0.01048477 0.02512542 27.59
-0.01679713 0.02392928 29.01
0.02574457 0.02287057 27.53
0.007242161 0.02221162 31.51
-0.02132206 0.02259988 34.69
-0.002617571 0.02149809 31.93
0.02547064 0.02136376 31.26
0.001277816 0.02020672 31.32
0.0002560328 0.02083537 31.17
0.0140401 0.0197115 31.02
-0.002202573 0.01865401 32.76
-0.005163645 0.01826759 33.04
0.005304042 0.01731107 33.35
-0.0104512 0.01647516 34.01
0.006696371 0.01574427 33.99
0.01156664 0.01527573 33.68
0.008401191 0.01469935 34.33
-0.02074336 0.01450458 33.7
-0.02398407 0.01409174 32.62
-0.00226643 0.01486515 31.11
0.005928539 0.01596988 31.31
-0.01144723 0.01517044 31.16
0.01753891 0.01456582 30.25
-0.006471018 0.0142777 31.98
0.02134724 0.01476091 31.74
0.001551202 0.01415977 31.94
-0.008632631 0.01517755 30.53
0.007985802 0.01443991 29.63
0.008180368 0.01397321 30.43
-0.01333963 0.01358159 31.83
0.008527254 0.01323861 30.38
-0.01071143 0.01325669 31.37
0.02864745 0.01296841 31.08
0.004633719 0.01278306 33.31
0.002258549 0.01534141 33.61
-0.04257661 0.01467089 33.51
-0.006986537 0.01398209 31.76
-0.04286503 0.01885209 30.98
-0.0001209927 0.01796439 31.75
0.005715301 0.02168724 30.43
-0.00243603 0.02049965 31.54
-0.03231907 0.01949236 30.44
0.03171051 0.0184565 28.67
-0.01448459 0.02018126 30.39
0.02303119 0.02168049 28.75
0.001226752 0.02096298 28.23
0.007393263 0.02119855 27.96
0.03038911 0.02005046 27.75
-0.003817703 0.01913834 29.15
-0.03408737 0.02062353 28.36
-0.005508799 0.0195312 28.02
0.01376835 0.02133161 28.21
0.003968866 0.02022678 29.13
0.004983397 0.01967161 28.45
0.0171309 0.01867138 27.13
-0.003803757 0.01776948 27.11
0.003296427 0.01775779 25.6
-0.01662307 0.01685863 24.44
-0.03340576 0.01603725 23.41
-0.00108641 0.01605391 22.56
-0.01651389 0.01846801 22.52
0.01073845 0.01749134 21.5
-0.02686683 0.01733434 21.95
-0.00140002 0.01682383 20.7
0.006434658 0.01801074 20.8
0.01561427 0.01706576 20.33
-0.0146748 0.01633632 20.8
-0.006323962 0.01633762 20.84
0.008911591 0.01613679 20.76
-0.01159353 0.01542439 21.21
-0.01937116 0.01496235 21.59
0.01206246 0.01464676 20.63
-0.01137802 0.01515503 21.13
0.007685458 0.01495511 20.8
0.007294541 0.01462402 21
-0.01728181 0.01415633 21.24
-0.01642635 0.01370626 19.69
-0.01095082 0.01409286 19.52
0.01432715 0.01432824 19.91
-0.0134383 0.01402567 20
0.01017358 0.01417172 19.24
0.02895827 0.01409284 18.4
0.0078971 0.01384599 20.51
-0.004768612 0.01619359 21.29
0.001160673 0.01560533 21.21
0.009571663 0.01488091 19.78
-0.0281024 0.01415885 19.17
0.001368937 0.01385949 19.99
0.00240088 0.01583316 20.03
-0.007753861 0.01504693 20.43
0.008097698 0.01433399 19.47
0.04102201 0.01382775 20.85
-0.005116886 0.01345659 20.84
0.0282894 0.01843018 20.62
0.02284804 0.01751431 20.83
-0.02406803 0.01897335 21.25
0.00354327 0.01944879 22.15
-0.0272834 0.01986182 20.64
0.0002380283 0.01883862 20.21
0.01439714 0.01975205 20.41
-0.02092748 0.01869181 20.66
0.002369806 0.01833093 20.22
-0.004733778 0.01852687 20.01
0.00177257 0.01757102 19.76
-0.004366453 0.01670538 19.8
0.02070283 0.01586441 19.14
-0.005395419 0.0151105 20.58
0.01372476 0.01587901 20.75
-0.02229755 0.01515347 20.81
0.01108623 0.01510465 19.4
0.01109027 0.0159278 19.16
-0.01312548 0.01557202 19.52
-0.01366422 0.01525087 19.46
0.009366731 0.01502924 19.03
-0.02517152 0.01487745 19.39
-0.001857274 0.01449536 20.06
0.009084136 0.01584918 19.48
0.01699154 0.0150541 18.93
-0.01018199 0.01463655 19.19
-0.006223593 0.01500267 18.47
-0.01187027 0.01458284 19.59
-0.00346499 0.01398541 19.55
0.04010663 0.0137894 19.76
-0.004669083 0.01316515 20.22
0.01467921 0.01803304 19.11
0.007910203 0.01713358 19.78
-0.005482941 0.01695676 19.17
0.009645367 0.01630695 18.64
-0.02471993 0.01555284 18.6
0.01216267 0.01512798 17.75
0.009005427 0.01629544 18.36
0.01032209 0.01598823 18.67
-0.0035756 0.01548265 18.85
-0.0002459697 0.0151122 19.49
0.001724486 0.014394 20.75
0.01590278 0.0136956 21.27
-0.0007507181 0.01306749 22.68
-0.01171807 0.01352383 21.5
-0.002352231 0.01288724 20.26
-0.001729504 0.01279499 19.59
-0.006029784 0.01222413 19.75
0.00381025 0.01168848 17.94
-0.004424199 0.01132024 18.77
-0.002816031 0.01093819 18.47
-0.0209314 0.0105658 18.27
0.003958826 0.01017714 18.18
0.001684418 0.01173661 17.86
0.002410904 0.01132549 17.82
-0.001446953 0.01087703 17.84
0.0122477 0.01048311 18.55
-0.006567387 0.01008026 19.53
0.006079442 0.01053137 19.49
0.001219744 0.01029736 19.13
-0.001342099 0.01013112 18.48
-0.04471138 0.009770319 18.63
-0.006624013 0.009425028 19.02
-0.01813653 0.01672358 19.44
0.01098006 0.01597861 18.71
-0.02442624 0.01616181 18.17
-0.003584568 0.01577584 18.26
0.01782696 0.01678746 18.85
-0.0009105853 0.01595119 20.01
-0.008832875 0.01623808 19.25
0.002370808 0.01541132 18.68
-0.02013689 0.01487338 19.28
-0.003758926 0.01417231 18.03
-0.01500289 0.01485101 18.15
-0.0138171 0.01415562 17.57
0.02047009 0.01423077 17.54
0.0005471497 0.01418059 19.65
0.02146779 0.01506864 19.47
-0.0001119937 0.01432702 21.22
0.004034126 0.0153332 22.26
-0.004481941 0.01456933 22.23
0.01260005 0.01393625 21.67
-0.02261142 0.01332721 22.72
0.002992473 0.01338035 21.07
-0.006197754 0.01454843 20.8
-0.005940321 0.01388576 19.5
-0.005686799 0.0133423 19.51
-0.01041458 0.01283159 19.41
0.002268571 0.01235169 19.18
-0.002377172 0.01220666 18.82
-0.005702709 0.01170244 18.45
0.005163307 0.01121495 17.55
-0.0002159767 0.01087247 17.37
0.03802279 0.01059484 17.69
0.0005601569 0.01018019 17.19
0.002581329 0.01571189 17.62
0.0007873098 0.01492554 17.04
0.005299015 0.01422531 16.55
0.003510153 0.0135456 17.67
-0.003058319 0.013043 17.68
-0.001130361 0.01250975 17.71
-0.01546972 0.01197282 18.05
0.006248481 0.0114518 16.82
0.002465036 0.01194496 16.43
-0.004031861 0.01163059 16.33
-0.002232506 0.01117696 16.1
0.006039199 0.01077111 16.55
0.007318717 0.01035472 16.55
-0.01134935 0.01018001 16.86
0.01216267 0.01011656 16.74
-0.01896698 0.01032211 16.93
0.006580605 0.01072624 17.62
-0.01477432 0.01184098 17.54
-0.0044013 0.01155661 16.75
0.009264786 0.01194871 16.47
0.004998472 0.011492 16.94
0.009511087 0.0114448 18.6
-0.005046246 0.01110649 19.11
0.01136231 0.01112558 18.8
-0.002711321 0.01076158 19.48
-0.01155399 0.01101103 18.98
0.002568295 0.01058403 17.44
-0.005352649 0.01074946 16.71
-0.006982565 0.01037087 16.23
-0.005177573 0.01008727 16.32
0.002861089 0.00992262 16.77
0.004971337 0.009671887 16.27
-0.01232671 0.009396579 16.63
0.008568606 0.009251067 16.3
-0.006158994 0.009692639 17.09
0.006269613 0.00979498 16.54
-0.01206394 0.009608648 17.63
-0.007277455 0.009527814 17.87
-0.003349385 0.009895748 16.73
0.006493034 0.009770576 16.41
-0.02009866 0.009462765 17.23
0.006191126 0.009414613 15.93
0.00719885 0.01100845 15.58
-0.004411256 0.01077898 16.16
-0.002680405 0.01064205 16.42
0.006445729 0.01029446 16.94
0.005619761 0.009925268 16.49
-0.006804795 0.009823199 16.66
-0.006651827 0.009674964 17.45
0.009562576 0.009540876 17.09
-0.0005398543 0.009410669 17.68
0.01226693 0.009650002 18.31
-0.01625123 0.009311828 18.22
-0.0001069943 0.009888632 17.49
0.003013536 0.01075177 16.73
-0.002798082 0.01032511 15.5
0.01986501 0.009997678 15.61
-0.003721068 0.00965595 16.75
0.02041497 0.01136522 16.82
-0.006776984 0.01093449 18.04
-0.0402596 0.01243987 16.75
-0.01373228 0.01204381 15.56
-0.01850178 0.01707845 15
-0.006159988 0.01672394 15.21
0.001946894 0.01685416 14.34
-0.003992021 0.01608257 14.71
-0.01972223 0.01528763 14.84
0.01057168 0.01456608 14.55
0.01447729 0.01513064 15.35
-0.006449159 0.01481246 16.78
-0.01237116 0.01487795 17.14
-0.001610702 0.01426675 16.63
-0.006118245 0.01408339 17.11
-0.001898197 0.01341043 17.34
0.0133639 0.0129018 17.87
-0.002425057 0.01231731 17.71
-0.0001009949 0.01257914 16
-0.006647854 0.01202553 16.39
-0.00350784 0.0115004 15.94
0.006624896 0.01118074 15.39
-0.004120499 0.01075898 15.31
0.003415827 0.01058302 15.58
0.00960599 0.01022999 15.4
0.006318922 0.009926498 15.59
0.005022592 0.01010103 15.8
0.01397013 0.009971364 16.04
-0.008611812 0.009771523 16.29
0.002586342 0.01050081 15.9
-0.002586652 0.01040947 14.93
0.003000497 0.01006013 14.83
-0.005580401 0.009708529 14.55
0.002269574 0.009435206 14.44
-0.0002069786 0.009251635 14.86
0.004657831 0.008993652 14.55
-0.0006218066 0.008712444 14.4
0.01947338 0.008618902 14.48
0.0006342011 0.008369919 15.79
0.01567319 0.01034733 16.6
0.02008027 0.009959557 18.67
-0.02265542 0.01090227 20.67
0.01599016 0.01235787 18.3
-0.00683757 0.01373265 21.13
-0.01011665 0.01410486 20.34
0.00579878 0.01357221 18.11
0.01333552 0.01328135 18.53
0.006570539 0.01282473 19.15
-0.00329058 0.01301668 21.58
-0.004915897 0.01262455 20.67
-0.006733281 0.01208389 19.81
-0.004104565 0.01163446 17.88
0.0009704708 0.01130735 17.33
0.003891562 0.01089311 16.5
0.005212562 0.01046602 16.28
-0.005754412 0.01016187 16.74
-0.0196183 0.009954572 16.65
0.0002120225 0.009730082 15.64
0.005110034 0.01116489 14.97
0.006638989 0.0107077 15.32
-0.0004299076 0.01044247 15.76
-0.006635933 0.0102999 16.26
0.007495018 0.00990837 15.28
-0.007068956 0.009739636 17.26
-0.002877855 0.009740359 15.62
0.01814768 0.009617139 15.74
0.003690803 0.009309898 14.94
0.01413037 0.01079608 15.42
-0.006706461 0.01045418 16.67
0.005714296 0.01108824 15.6
-0.005933363 0.0108097 14.61
0.009355628 0.0105698 14.01
-0.007491866 0.010297 14.77
0.007712666 0.01039927 15.07
0.01482028 0.01023685 16.29
0.01026854 0.01019889 16.6
0.001702448 0.01097229 17.19
-0.01107247 0.01107999 16.62
0.0004491008 0.01065152 16.55
0.004732179 0.01075986 15.77
0.001925853 0.01033675 17.05
0.01496543 0.0100857 18.13
-0.002873866 0.009744633 19.77
0.003679762 0.01062245 18.57
-0.004367449 0.01023042 18.14
0.008986256 0.009938046 18.86
0.01023621 0.009650532 18.47
-0.006177878 0.009798659 19.96
-0.01143833 0.01005696 19.33
-0.004240994 0.009846095 18.93
0.003322513 0.01009786 18.67
0.0003440592 0.009791275 18.49
-0.01820331 0.009523377 18.08
0.003953806 0.009200738 15.96
-0.002712318 0.01051452 15.97
0 0.01020883 15.28
0.005319121 0.009847448 15.5
0.001590264 0.009494729 16.3
0.007186763 0.009360863 16.08
-0.002401115 0.00907389 17.03
-0.01225856 0.009127202 16.78
-0.01567057 0.008852022 15.39
-0.000554846 0.009348756 15.01
-0.004098589 0.01022812 15.39
0.004320319 0.00984227 15.04
-0.005204433 0.009553027 16.07
0.001768563 0.009354811 15.05
-0.0006637796 0.009159303 14.79
0.004210853 0.008894795 15.15
0.006349113 0.008621363 14.99
-0.005904534 0.008510842 15.26
-0.008517622 0.008561757 14.31
0.008851055 0.008487162 13.98
0.00490099 0.008625599 14.81
0.009424269 0.008899001 15.19
0.004746246 0.008800846 16.07
0.001587259 0.009111602 15.47
0.007401322 0.008981674 14.34
0.005270867 0.008728393 15.2
0.01551473 0.00884367 15.08
0.004092362 0.008775668 16.25
0.02011904 0.009936309 15.81
-0.002864892 0.009689952 16.2
-0.01255683 0.01143712 15.78
-0.003525777 0.01097936 14.96
0.01322507 0.0111987 14.46
0.001308856 0.01077598 13.76
-0.00309022 0.01124166 14.71
-0.01203034 0.01079248 14.34
-0.01235042 0.01039159 15.17
0.01234995 0.01063298 14.17
-0.00887054 0.01087646 16.41
0.01415978 0.0112218 15.75
-0.002824009 0.01107384 16.5
-0.009241169 0.01161168 17.3
0.0003490609 0.01113934 16.55
-0.01065899 0.01102876 16.15
-0.003451038 0.01058339 15.68
0.00437355 0.01066008 15.32
0.01136939 0.01027953 15.37
-0.003029407 0.01001521 16.03
0.00911441 0.01037061 16.21
0.01812324 0.01000307 18.32
-0.0008386482 0.01011878 19.34
-0.01708816 0.0114174 18.89
0.01541419 0.0109378 17.47
0.01784223 0.01173196 18.04
-0.02046809 0.01232902 19.08
-0.001310141 0.01315928 17.98
-0.0002379717 0.01404966 17.57
-0.01288661 0.01337716 17.02
0.002822981 0.01275161 16.23
-0.004232032 0.01278292 16.96
0.007062884 0.01224874 16
-0.0007087488 0.01176255 15.88
-0.004240994 0.01151706 15.33
0.004477007 0.01102957 14.98
-0.002947651 0.01064297 14.91
0.006377292 0.01035049 14.71
-0.00343011 0.009982646 15.44
0.005565458 0.009869554 15.29
-0.004147388 0.009555528 14.91
0.002130267 0.009431377 14.28
-0.006849489 0.009181141 13.91
-0.01041953 0.008925136 14.07
-0.006732287 0.008874337 14.06
-0.003695164 0.009151776 14.01
0.003116852 0.009068039 13.76
-0.002655471 0.008834423 13.17
0.004044167 0.008647482 13.56
0.002899199 0.008421321 14.64
0.004422766 0.00832231 14.39
0.0004671091 0.008176309 14.03
-0.0002329729 0.008126231 14.43
0.01658579 0.007929502 13.66
0.005113049 0.007744852 14.74
-0.006535596 0.00934243 14.8
0.003203125 0.009211236 14.28
-0.003794791 0.009107946 14.62
-0.005901552 0.008898513 13.83
-0.008903248 0.008684326 13.21
-0.01136517 0.008596372 13.34
-0.005061171 0.00875688 12.75
-0.001834317 0.009159277 13.41
-0.008212187 0.008975572 13.95
0.007066912 0.008703882 13.28
0.008155163 0.008787222 14.5
0.0009234262 0.008865191 15.05
0.00729857 0.009034152 14.71
0.01193089 0.008761935 15.05
0.002356775 0.00886363 15.42
-0.000825659 0.009472047 16.43
-0.01253116 0.009197058 15.04
-0.03936878 0.008897608 14.71
0.006173014 0.00942151 15.13
0.008139032 0.01532457 14.85
0.008091649 0.01471896 14.54
-0.01183074 0.01427045 15.28
-0.006425313 0.01385882 16.58
-0.01117335 0.01367265 16.39
0.005571492 0.01315627 15.72
-0.002789107 0.01298891 15.39
-0.004002977 0.01254562 16.27
-0.003987041 0.01200069 16.27
-0.00803662 0.01152721 16.18
-0.01285601 0.01109128 14.04
-0.009694853 0.01089637 13.97
-0.002890818 0.01115967 13.84
0 0.01108368 13.8
-0.002566703 0.01065462 13.61
-0.01252622 0.01023625 13.08
-0.005575428 0.009869545 13.04
-0.006275269 0.01024108 13.33
0.01079607 0.009980328 13.38
-0.00598903 0.009782574 13.21
0.003778128 0.01010559 13.21
0.006858466 0.00987942 12.98
-0.006963697 0.009623419 13.5
-0.001785405 0.009585599 12.97
-0.001887218 0.009471456 12.67
0.007782203 0.009156047 12.72
-0.008201277 0.008869282 12.78
0.01328181 0.009001868 13.3
-0.01725232 0.009047827 13.24
0.001252784 0.009810461 12.97
-0.01368986 0.01084017 12.98
-0.00605861 0.010422 12.96
0.0162056 0.01085055 13.19
-0.005706686 0.01055849 13.67
-0.008858646 0.01146758 13.19
0.008652324 0.0111032 12.88
0.002278594 0.01096673 12.76
-0.008877478 0.01092563 12.54
-0.0002059788 0.01052396 12.73
-0.00123224 0.01045108 12.35
0.01290998 0.01004799 12.27
-0.003631398 0.009678904 11.95
-0.00485619 0.01027928 11.83
-0.006062585 0.009936111 11.55
-0.001126365 0.009669293 11.45
0.002253537 0.009489772 11.23
-0.008171522 0.009166585 12.14
0.001221746 0.008915803 12
-0.001221254 0.008969623 11.62
-0.002843952 0.008708922 12.56
0.008455648 0.008454201 13.29
0.01080011 0.008250949 14.08
0.002070141 0.008535925 13.98
0.003113843 0.009052167 14.09
0.004375559 0.008806025 13.58
0.001044545 0.008621705 13.49
0.007132375 0.00852072 13.23
-0.002208559 0.00829708 13.19
0.008014027 0.00844335 12.56
0.003712884 0.008226094 12.84
-0.008466062 0.00846822 12.43
0.01914918 0.008346317 12.47
0.001074577 0.008498382 13.18
0.006689324 0.01037677 13.83
0.006407484 0.009993092 14.36
-0.004348531 0.009901657 14.65
0.002606394 0.009799336 14.06
-0.0003259469 0.009523543 13.44
-0.009844385 0.00925237 13.24
-0.005689782 0.008948307 13.24
-0.004698943 0.009154884 12.82
-0.004677046 0.009005374 12.03
0.008091649 0.008819057 11.66
-0.0103166 0.008649941 11.79
-0.0002119775 0.008841413 11.21
0.002329712 0.009112409 11.73
0.01530858 0.008820847 11.6
-0.0006467908 0.008604523 12
-0.005804123 0.009768969 11.51
-0.00288982 0.009420853 11.43
-0.008089194 0.009251154 11.52
-0.003069285 0.008976326 11.27
0.009237535 0.009015884 11.1
0.005133152 0.008767045 11.77
0.01023722 0.009062074 11.18
0.002385844 0.008961487 13.14
-0.00584588 0.009341263 12.39
-0.00172551 0.009078986 11.57
0.002373815 0.008946304 11.49
-0.007746915 0.008675705 12.08
0.004081317 0.008474606 12.04
0.00550412 0.00854627 12.5
0.0004330938 0.008436248 12.93
0.008370939 0.008430329 11.94
-0.005769325 0.008204948 12.26
-0.002385153 0.008487539 12.4
-0.0006497888 0.00841249 12.7
0.009786734 0.008201787 12.49
-0.004252943 0.007990783 12.8
0.005674067 0.008470151 12.39
0.008021083 0.008316054 13.15
0.008753198 0.008336847 13.49
0.006475924 0.008564162 13.29
-0.002572688 0.008835859 13.14
0.0001120063 0.008858228 13.61
-0.01133254 0.008610847 14.27
-0.001987025 0.008365657 14.06
-0.00374199 0.008826038 13.42
0.004844717 0.008569979 13.75
-0.0008826104 0.008385089 14.49
-0.007689361 0.008339028 13.64
0.01034028 0.008115874 14.02
0.001327881 0.008227636 14.09
0.00833867 0.008736912 14.11
0.006384337 0.008499562 13.68
0.006311878 0.008736759 13.15
0.009543394 0.008763465 12.33
0.01611109 0.008781213 12.62
0.005233672 0.009108187 11.98
0.01385656 0.01029406 11.3
0.01105791 0.01007517 13.31
0.08662054 0.01073599 14.53
0.0006522126 0.01095579 17.74
0.01538169 0.02966173 16.56
0.04706226 0.02797147 14.96
-0.02766575 0.02686912 16.92
-0.00242805 0.02953648 14.41
-0.005375526 0.0291507 15.38
-0.01093005 0.02749563 14.62
-0.02124962 0.02598245 14.91
0.01490655 0.02473918 14.87
-0.006171914 0.02426109 16.86
-0.001700553 0.0234327 15.31
0.0005231368 0.02220315 15.12
-0.007945352 0.02098463 14.53
0.020711 0.01984522 13.85
0.0005301405 0.01892165 13.98
0.003726936 0.01915333 14.05
0.02266083 0.01813416 13.75
0.0002730373 0.01723408 14.91
0.009046799 0.01793583 14.45
-0.007408489 0.01699624 16.12
-0.01600031 0.01640697 16.32
0.0006732266 0.01571814 15.68
-0.02748286 0.01570955 14.57
-0.0104225 0.0149243 13.63
0.009767548 0.0165644 13.32
-0.001308144 0.01602241 13.14
0.009191109 0.0155634 12.95
-0.002502865 0.01478445 12.69
-0.01488861 0.01439881 12.58
0.0005191347 0.01371295 12.24
0.02030884 0.01383026 12.15
-0.01693086 0.01317636 13.29
-0.006615072 0.01421584 12.36
0.02037415 0.01449196 11.84
0.01047871 0.0139182 12.15
-0.000532858 0.01483703 12.28
0.003203125 0.0145403 12.39
-0.001736491 0.01383112 12.7
0.002137282 0.01322777 12.08
-0.003738005 0.01261771 11.96
0.002134276 0.01207867 11.65
-0.01865295 0.01159145 11.79
-0.009782 0.01113224 11.46
0.008602899 0.01212017 11.15
-0.002092809 0.01194898 11.48
0.001830675 0.01179737 11.47
-0.01067482 0.01129838 11.08
0.02384812 0.01085528 11.05
0.01873949 0.01090059 12.13
0.001758545 0.01303382 12.18
-0.01903763 0.01387081 12.52
0.007598798 0.01323047 11.58
0.007117268 0.0139109 11.77
-0.006314025 0.01350061 12.04
-0.00160571 0.01309763 11.4
-0.01354584 0.01262331 11.68
-0.02049846 0.01205667 12.27
-0.02451016 0.01224101 12.49
0.00429722 0.01330013 11.45
-0.0135853 0.01478451 11.28
-0.01746264 0.01414415 10.95
-0.01183865 0.01408197 10.84
0.0004851177 0.01443789 10.81
0.006943047 0.01419317 10.33
-0.02283919 0.01351297 10.77
-0.0106956 0.01309863 10.45
0.002366799 0.01435552 10.23
-0.0004738877 0.01403152 10.97
0.002846046 0.0133917 10.52
0.0009504515 0.01276464 11.1
0.002976425 0.01223254 10.99
0.0008353488 0.01170115 10.36
0.004065252 0.01125716 10.52
0.0003590645 0.01079934 11.57
0.001439035 0.01047336 12.08
-0.008962715 0.01007233 11.75
0.01124499 0.009720837 11.83
-0.002882841 0.009746459 12.52
-0.002396127 0.01012692 12.48
-0.001677592 0.009776261 13.21
0.01788397 0.009444795 12.4
-0.007772714 0.009130315 12.38
0.005702227 0.01061295 12.42
-0.003764904 0.01044807 12.74
0.01465182 0.01024248 12.26
0 0.009906675 13.52
0.001846704 0.01070861 13.3
-0.01964575 0.01028594 13.42
0.001934871 0.009925956 13.42
0.006924922 0.01132097 13.42
0.008692672 0.01087848 13.34
0.002708665 0.01071139 14.17
0.008917644 0.01070286 13.73
-0.01187225 0.01033261 13.72
0.009883683 0.01038903 13.52
-0.0009925073 0.01061368 13.65
0.01348654 0.01072805 12.6
0.001006506 0.01030282 13.15
-0.01944178 0.01087635 13.57
0.0004941221 0.01045115 12.93
0.002225475 0.01169807 12.52
-0.007889794 0.01120209 12.93
-0.0004908795 0.01077643 11.98
0.008999373 0.01060307 11.65
0.003349604 0.01018709 12.39
0.005857119 0.01026887 12.91
-0.003991025 0.009959254 12.49
0.01126724 0.009812689 11.22
0.009233498 0.009522151 12.14
0.01459093 0.009939142 12.64
-0.008346074 0.01007462 13.79
0.002688611 0.01083761 13.33
0.007592752 0.01069054 12.96
-0.007464074 0.01032069 13.04
-0.01917596 0.01026358 12.76
-0.0107599 0.01011314 12.63
0.001743519 0.0113883 12.24
-0.002862898 0.0113789 11.92
0.004234955 0.01092747 12.46
0.003626568 0.01051038 13.2
0.001504131 0.01021813 14.55
-0.009987954 0.009924553 14.96
-0.009273864 0.009586936 14.59
-0.0235964 0.009723572 15.55
0.01209384 0.009776322 15.63
-0.0001219926 0.01193119 16.22
-0.001823337 0.01210508 16.47
-0.002909763 0.01157386 14.87
-0.01071835 0.01108878 14.67
-0.008231032 0.01065972 15.33
0.01195214 0.01073275 13.5
-0.001922151 0.01058816 16.11
-0.00167859 0.01092847 16.13
0.001318869 0.01049508 14.74
0.005653954 0.01009349 14.53
0.007021594 0.009737754 14.59
0.01087189 0.00960054 16.02
-0.005634099 0.009578291 14.25
0.003548288 0.00993989 15.32
0.006517191 0.009710423 14.85
-0.02208336 0.009459651 13.48
-0.00156777 0.00941369 13
-0.007322128 0.01137521 13.17
0.003114846 0.01090293 13.1
0.003734966 0.0106792 13.08
-0.01378653 0.01032494 12.8
-0.006645867 0.01002649 11.9
0.002249528 0.0105281 11.63
-0.01377371 0.01029903 12.18
-0.01173982 0.009948801 12.23
-0.004035845 0.0104611 12.26
-0.01007706 0.01066202 11.25
0.00548401 0.01029937 11.12
-0.007987019 0.01035585 10.82
-0.009163883 0.01014588 10.6
0 0.01004517 10.96
-0.003484921 0.01005016 10.88
0.0001120063 0.009680698 11.84
0.002247524 0.009384852 11.89
-0.003480935 0.009071876 12.06
0.006296783 0.008829547 11.24
0.002485085 0.008610679 11.01
-0.007996939 0.008645327 11.6
0.004723136 0.00845115 11.52
0.01384642 0.008547245 12.18
0.006075418 0.008475522 12.21
0.01168096 0.009433775 11.69
0.02652366 0.009357834 11.47
0.006953117 0.009851605 11.11
-0.004800459 0.01282919 10.48
0.001916836 0.01247657 10.73
0.007343901 0.01199117 10.68
0.003388735 0.01149545 11.38
-0.007729054 0.01129574 11.19
-0.001202277 0.01089937 10.81
-0.00311913 0.01070264 10.29
0.005887296 0.01028045 10.27
-0.0006028183 0.009922709 11.57
0.007736852 0.009781922 11.35
0.00242995 0.009432718 11.61
0.001704452 0.009490733 12.07
0.001340899 0.009216479 11.14
-0.006688581 0.008945164 11.37
-0.02926458 0.008689262 11.31
0.01446512 0.008653312 11
-0.004052776 0.0123962 11.13
-0.001188294 0.01277464 10.86
0.007153526 0.0122419 10.94
0.00479749 0.0117009 11.2
0.002046092 0.01146756 11.23
-0.009592841 0.01111718 11.91
0.0085091 0.01069377 12.25
0.02104081 0.01066113 11.98
-0.000614811 0.01064236 14.56
0.006902769 0.01232385 13.93
-0.0007417249 0.01177523 13.31
0.002350761 0.01151785 12.87
-0.003709113 0.01103035 12.42
-0.007500799 0.0106221 11.97
0.004051195 0.01025229 12.39
-0.007841177 0.01010555 12.95
0.008702759 0.009841497 12.36
0.01563357 0.009762726 13.23
0.005768606 0.009869032 12.96
-0.004266884 0.01082323 13.04
-0.01429928 0.01058531 13.59
0.004963297 0.01023728 12.83
-0.01150061 0.01077085 13.12
0.01100332 0.01049177 12.87
-0.008047532 0.01066366 13.35
0.002964389 0.01088725 12.25
-0.0007417249 0.01071366 12.31
0.00247506 0.0103511 11.48
0.002605391 0.009955381 12.01
-0.01050364 0.009641571 12.41
0.01423686 0.009359787 11.88
0.001247778 0.009578558 11.87
-0.006595204 0.01038071 11.46
0.004848736 0.009999792 11.59
0.004246002 0.009819375 12.34
-0.0005008745 0.009624374 11.54
-0.0002499688 0.009415348 11.72
-0.000499875 0.009097001 11.96
-0.003618446 0.008806613 12.74
-0.01053135 0.008540988 12.66
0.001480095 0.008354292 12.32
-0.006765065 0.008721061 12.68
-0.004403291 0.008488794 11.85
-0.01152829 0.008481153 11.37
-0.006014874 0.008332765 10.74
0.006135785 0.008822817 11.35
-0.005175584 0.0087272 11.98
-0.003355364 0.00873532 12.12
-0.00274822 0.008599884 11.79
-0.007606993 0.008398404 11.62
0.01491264 0.008197823 11.21
-0.001921153 0.008292078 11.17
0.003364654 0.009460818 11.19
0.007854768 0.009148197 11.46
-0.008456146 0.008942043 11.58
-0.0008416457 0.0090721 10.95
0.008812718 0.009131473 11.57
-0.007128532 0.008837725 11.39
-0.004684013 0.009077127 11.57
-0.008590992 0.00902959 11.14
0.004286173 0.008840222 11.13
0.01599626 0.008940229 11.45
0.004617645 0.008801091 12.26
0.01151504 0.01003585 12.19
0.005064804 0.009807106 13
-0.01511716 0.01021065 12.76
0.004155623 0.009990018 12.38
-0.02024959 0.01067347 12.58
0.01755825 0.01036281 11.4
-0.001953091 0.01176279 11.32
0.00439866 0.01265128 11.64
-0.00549587 0.01208598 11.59
-0.006796849 0.01166406 11.75
-0.008191359 0.01127325 11.75
-0.006338867 0.0109827 11.76
0.01853064 0.01080957 11.84
0.001336893 0.01053634 11.59
-0.002308334 0.01181279 12.54
-0.003391243 0.01131945 11.99
0.003270342 0.01086073 11.99
-0.01025919 0.01046195 11.86
0.001081585 0.01013227 11.62
-0.00409361 0.01022632 12
0.003972881 0.009855138 11.99
0.005322137 0.009564565 11.78
0.0008493606 0.009347401 12.49
-0.006050658 0.009229034 14.19
0.008846011 0.008938453 13.57
0.0108921 0.008832846 13.35
0.007534312 0.009076427 16.26
0.004722132 0.009516885 16.99
0.003244257 0.00954708 17.18
0.002376822 0.009371677 17.72
0.000626196 0.00913916 18.26
-0.004501851 0.008894966 17.36
-0.007583175 0.008630323 15.5
0.00733282 0.008471629 14.26
0.003249273 0.008529958 18.66
-0.009838443 0.008664427 16.44
0.01460615 0.008500016 14.52
0.005801798 0.008768424 14.32
-0.008815033 0.009784677 16.65
0.007677396 0.009652435 17.34
0.02715026 0.009673381 17.8
-0.007758822 0.009697392 18.35
0.007889037 0.01286079 18.12
0.001168683 0.01248171 20.96
-0.01008795 0.01222322 23.81
-0.01087861 0.01169568 21.46
0.007795305 0.01159386 15.9
0.003598467 0.01157158 17.25
-0.004111536 0.01139704 17.83
-0.003967121 0.0110001 16.69
0.01427744 0.01061155 15.52
0.00116668 0.01025088 15.88
-0.0006487895 0.01093928 15.89
0.006762816 0.01051166 15.62
0.000913417 0.01010294 16.4
-0.01336331 0.01000517 15.79
0.009973571 0.009649538 13.03
-0.01550025 0.01015741 13.08
0.003209144 0.01033941 13.05
-0.004106557 0.01101555 14.15
0.02161799 0.01063614 13.65
-0.003265662 0.0102781 13.97
0.002612409 0.01215319 14.02
0.01303053 0.01164821 13.14
0.01656444 0.01119735 14.49
0.009065972 0.01157673 17.79
-0.001765441 0.01235578 18.05
-0.007569281 0.01219848 18.64
-0.02408169 0.01166513 17.74
0.007786234 0.011384 15.55
0.008247921 0.01321783 16.21
-0.0149822 0.01288246 17.4
0.001316867 0.01261044 14.98
0.000791313 0.01287978 14.85
-0.004211121 0.01230511 14.62
-0.01058083 0.01176623 14.94
-0.005829973 0.01131802 14.33
0.01654207 0.01130061 14.95
-0.00236121 0.01095668 15.05
-0.0001309914 0.01184208 14.34
0.005517192 0.01134355 14.46
0.005151245 0.01087041 14.34
-0.00145594 0.01061303 15.23
-0.0007956834 0.01035897 15.23
-0.004632255 0.009966226 15.2
0.003438906 0.009601974 14.46
-0.01577295 0.009356051 14.3
-0.005203439 0.009133495 14.26
-0.02574279 0.01007026 13.42
-0.003533749 0.009807095 12.41
-0.006655801 0.01238283 12.24
0.007790265 0.01186652 11.64
0.004170685 0.01151444 12.22
0.003553306 0.01134538 12.19
-0.008984518 0.01097646 12.4
-0.006279244 0.01061342 12.4
-0.005492886 0.01053931 12.31
-0.0133564 0.01028807 12.18
0.002213448 0.01001885 12.28
0.003082747 0.01046791 12.22
-0.005419289 0.01010241 12.31
0.006902769 0.009797071 11.96
0.007074969 0.009570066 12.63
0.01102253 0.00954177 13.74
-0.0157444 0.009530562 13.88
-0.003341411 0.009917 13.16
-0.0165434 0.01070136 12.99
0.0008513623 0.01031438 11.92
-0.003158008 0.01114176 11.18
-0.005682822 0.01069323 11.55
0.008475818 0.01030215 11.76
0.004509151 0.01004118 11.78
-0.01875502 0.01009215 11.98
0.02193584 0.009852306 11.39
0.004913049 0.01111422 12.25
-0.009680988 0.01284337 12.59
-0.006079482 0.01238106 12.12
0.004982392 0.01217551 11.53
0.001218742 0.01176768 11.58
0.0006101861 0.01140009 11.72
0.0008543649 0.01093688 11.98
0.002690616 0.01050147 12.57
-0.01760315 0.01010416 12.24
0.002168349 0.009784544 11.86
-0.002649487 0.01087448 11.98
-0.01029087 0.010474 11.56
-0.002259446 0.01008934 11.68
0 0.01019177 11.52
-0.006039724 0.00982303 11.62
-0.01616169 0.00947234 11.09
-0.007292346 0.009311145 10.75
-0.002764176 0.01027206 11.09
-0.03247493 0.01010912 11.73
-0.000444901 0.009757228 11.34
-0.006876304 0.01383068 10.9
-0.01186533 0.01317202 10.63
0.0007652928 0.01271839 11.08
-0.003709113 0.01265791 10.78
0.003162997 0.01209228 10.66
0.008557511 0.0116032 10.56
-0.008119944 0.01117335 10.8
-0.009030106 0.01110123 11.2
0.005756537 0.0109111 11.1
0.001307855 0.01080831 11.51
0.002949345 0.0105711 11.42
-0.01293399 0.01017573 11.16
-0.001618689 0.009858982 11.16
-0.001507863 0.01028085 11.09
0.001837688 0.009896 10.75
0.007166619 0.0095417 11.01
-0.003372307 0.009245188 10.79
-0.01316397 0.009276234 10.86
0.001930863 0.009012888 10.5
-0.003858546 0.009599882 10.31
-0.003630402 0.009300806 10.16
0.005986886 0.009051639 10.05
0.001824664 0.008817266 9.97
-0.004715863 0.008803536 9.9
0.001819655 0.008572894 10.14
0.020564 0.008430214 10.73
0.001093598 0.008234309 12.3
-0.00185927 0.01047018 11.62
-0.004361475 0.01007919 10.83
0.007315695 0.009713708 10.91
-0.02446527 0.009446187 11.66
-0.01031957 0.009466075 11.23
0.003817277 0.01188245 11.27
-0.001168317 0.01177968 11.33
0.003934731 0.0113593 12.67
0.002346751 0.01088541 12.07
-0.005112907 0.01054609 10.71
-0.006882263 0.01017786 10.65
-0.006206699 0.009900598 10.18
0.0006291979 0.009748395 9.97
-0.001467922 0.009569484 10.05
-0.00585085 0.00924633 10.6
0 0.008946606 10.3
0.0009374393 0.008827905 10.26
0.006904783 0.008562472 10.53
-0.00429576 0.008332925 11.36
-0.01597079 0.008453784 11.26
0.002368803 0.008303232 10.64
-0.00185428 0.009445722 10.99
-0.001234238 0.009173483 11.56
-0.01063524 0.008884721 12.04
0.009094227 0.008614505 11.51
-0.01507776 0.008953797 12.14
-0.01176057 0.009206738 12
0.01186208 0.01002564 11.91
0.00242995 0.01028776 11.47
-0.006969655 0.01066111 10.87
-0.01478811 0.01028571 10.15
0.00796665 0.0101003 10.74
0.005715301 0.01072039 10.59
0.03353714 0.01064943 10.85
-0.009726543 0.01042502 10.4
0.0003090478 0.01477558 10.77
-0.00329058 0.01434639 10.34
-0.001128363 0.01365396 9.89
0.0006151892 0.01303599 11.22
-0.01112291 0.01243589 11.13
-0.008387724 0.01188521 11.45
0.002216455 0.01185172 10.96
0.001514146 0.01160587 10.42
-0.001715528 0.01114759 10.31
-0.01212717 0.01070977 10.08
0.005293988 0.01029134 10.55
0.000100005 0.01055707 10.65
-0.000803677 0.01031645 10.32
0.0107991 0.009925934 10.44
-0.0003039538 0.00956502 11.1
0.002946336 0.009920103 11.61
-0.009215407 0.00955992 10.34
0.002826992 0.009297973 10.23
-0.0007077495 0.009397704 10.22
-0.003630402 0.009145996 10.02
0.00262043 0.008850727 10.24
0.005971796 0.008635056 10.2
0.007847713 0.008446973 10.18
0.008425394 0.008475265 10.58
0.03091395 0.0086662 11.15
0.01091536 0.00888918 18.31
0.00723511 0.0132165 15.42
0.01495933 0.01312344 15.82
-0.009961222 0.01276147 18.61
-0.02144344 0.01314711 19.63
-0.001491887 0.01288625 15.96
0.0100564 0.01396857 15.24
-0.003006476 0.01330297 14.29
-0.008858646 0.0131273 14.09
0.01498776 0.01254274 13.99
-0.01126234 0.01226231 18.13
0.003311477 0.0127237 17.27
0.002142293 0.01260973 16.43
-0.007904676 0.01210397 16.79
-0.005411332 0.01160466 14.59
-0.009059835 0.01135058 13.27
0.001784591 0.01098292 12.19
0.001682414 0.01087477 12.93
0.0003160499 0.01046472 12.95
0.002846046 0.01008592 13.16
0.004973347 0.009716024 13.48
-0.003283603 0.009436194 14.98
0.003283384 0.009286771 15.14
-0.01002756 0.009019764 14.64
-0.009304578 0.008822281 14.53
-0.001144345 0.009065191 13.46
-0.00321682 0.009202919 13.24
-0.001035464 0.008904354 13.23
0.001657373 0.008670057 13.14
0.01356864 0.008417632 12.68
-0.005344692 0.008218252 13.49
0.00776507 0.00918668 12.71
-0.01308206 0.009014946 12.2
-0.009725553 0.009127313 11.98
0.02417795 0.009684288 12.14
0.005394524 0.009783421 12.42
-0.003071279 0.01229197 12.54
-0.006638914 0.01189946 12.07
-0.03386988 0.01140984 13.04
-0.02970928 0.01109791 13.12
0.005534286 0.01500658 13.21
-0.002672426 0.01700479 12.79
-0.01022752 0.01624314 12.45
-0.009348169 0.01542978 14.22
0.009250656 0.01497463 13.51
-0.005657963 0.01450416 13.08
-0.001554791 0.01414871 13.09
-0.001941115 0.01356292 12.91
-0.005124846 0.01292698 13.15
-0.01049771 0.01234109 13.21
-0.002869878 0.01187862 12.88
-0.01234252 0.01179126 13.6
0.003876504 0.01130582 12.95
0.007034685 0.0114599 13.96
-0.00987211 0.01106872 14.01
0.005304042 0.01089007 13.5
-0.02513057 0.01085916 13.51
0.008835922 0.01059061 12.76
0.003181054 0.01282144 13.3
0.01055248 0.01259857 13.06
0.01555942 0.01208949 13.24
-0.01176354 0.01209039 14.08
-0.006917022 0.01265016 13.34
-0.009584918 0.01258815 13.53
0.003090772 0.01218653 12.83
0.0005631585 0.01199343 13.05
0.002914242 0.01152955 12.78
0.003677755 0.01104725 13.29
0.03294373 0.01065493 13.63
0.005973808 0.0103248 14.87
-0.01239783 0.01457456 17.06
-0.001453943 0.01401972 14.84
0.008562554 0.01386462 14.71
-0.007593099 0.01320622 16.67
-0.007054062 0.01292533 14.73
-0.01186928 0.01253105 13.64
-0.002281396 0.01214168 13.94
-0.01104676 0.01214726 13.42
0.004706056 0.01162416 12.85
-0.005644042 0.01161361 14.67
0.02047111 0.01124602 14.21
-0.006299119 0.01089805 15.75
-0.00218561 0.01242118 16.65
-0.00094855 0.01200287 18.89
-0.004919878 0.01148941 15.53
0.006628923 0.01100455 15.54
0.002282603 0.01064573 16.23
-0.01484034 0.01048156 15.4
-0.01369776 0.01011688 14.92
-0.009029115 0.01074119 15.48
0.0005501513 0.01112329 14.72
0.003124877 0.0109978 15.16
-0.004317665 0.0105569 17.57
-0.00164864 0.0102135 16.64
0.006242444 0.009899632 15.54
-0.009713669 0.009546487 15.15
-0.01007112 0.009470419 15.59
-0.00279509 0.009595391 15.63
-0.04213186 0.009739088 16
0.009104319 0.009419328 15.23
-0.01358234 0.0160388 16.95
0.001805629 0.01553504 16.81
-0.0164775 0.01532289 18.55
0.01338316 0.01457901 18.1
0.00783965 0.01475758 20.74
0.009559547 0.01472084 24.17
0.03437718 0.01425393 20.87
-0.01248375 0.01394449 23.52
-0.01056499 0.01732104 23.67
0.01190458 0.01684962 21.22
-0.01771712 0.01629198 25.16
0.003166007 0.01596447 22.94
0.001321873 0.01610388 21.56
0.02011598 0.01533286 21.45
-0.01710192 0.01458102 26.48
-0.0006208073 0.01535415 28.3
0.005873214 0.01550304 26.57
0.007344908 0.01472656 27.68
0.01394174 0.01415477 30.67
-0.0109706 0.01370778 30.83
0.01526492 0.0138526 29.99
0.001649359 0.01359816 26.33
-0.008765471 0.01390385 25.25
-0.01309587 0.01325918 22.89
-0.01593339 0.01290553 22.62
-0.001764442 0.01293905 20.72
0.01277526 0.01327289 22.72
-0.0226867 0.01265979 26.3
-0.006958732 0.0128129 23.81
-0.01137605 0.01410147 25.06
-0.01277308 0.01357478 23.38
0.002626446 0.01338059 22.78
0.002208437 0.01332869 24.58
0.0177557 0.01274752 23.99
-0.002161662 0.01220022 26.23
-0.01329621 0.01304038 27.38
0.01157068 0.01244872 25.27
0.0004310929 0.01255743 24.96
0.007097125 0.01260064 24.76
0.005312084 0.01203591 24.92
-0.01825732 0.01176637 26.48
-0.0003429412 0.01141571 20.35
-0.001627675 0.01229312 20.03
0.0006852347 0.01174709 20.45
0.004548328 0.0112467 19
-0.002234502 0.01078779 19.37
-0.006758112 0.01048572 18.6
-0.003488907 0.01009244 17.63
-0.0007647075 0.009912928 17
-0.01038687 0.009596913 18
0.005644903 0.009263319 17.84
0.01669865 0.009483033 18.49
0.006118681 0.009371783 18.8
-0.005259146 0.01059694 18.44
-0.01256078 0.01040322 16.91
-0.004489905 0.01011228 17.46
-0.002701348 0.01045234 16.12
0.004816581 0.01012418 16.67
0.002035069 0.009769641 18.88
-0.001865259 0.009577676 17.73
-0.01321431 0.009283477 19.25
0.03246121 0.008985319 20.02
0.008500023 0.009583693 18.54
0.02219551 0.01400439 18.5
-0.00966118 0.0136437 22.96
-0.01148875 0.01488323 21.64
0.01519994 0.01444028 20.41
0.001239768 0.01416772 20.8
-0.008121928 0.01439064 21.17
-0.00936402 0.01370452 19.56
0.005940611 0.0132721 19.87
-0.01737321 0.01295687 21.07
0.02150049 0.01253524 18.53
-0.008236983 0.01310532 23.21
0.0104393 0.01433955 23.01
0.002030059 0.01385893 24.31
0.01504562 0.01365713 21.39
0.04577486 0.01303771 26.49
0.0567672 0.01339477 26.16
-0.01185742 0.01950638 28.5
-0.0369624 0.0259538 31.09
0.01753688 0.02475349 24.1
-0.001545805 0.02607323 25.94
-0.01142153 0.0252722 28.06
0.02483075 0.02385671 25.49
-0.01167063 0.02279056 26.01
0.01167084 0.02300009 24.88
-0.01774463 0.02201076 26.84
0.0201925 0.02116462 25.61
-0.01807663 0.02073966 28.91
-0.03352568 0.02069763 26.28
-0.001210267 0.02034728 24.11
0.02181728 0.02190978 23.97
-0.006160982 0.02070816 22.87
-0.007530574 0.02084076 23.61
-0.01424703 0.01978664 23.79
-0.01413759 0.01885146 22.53
0.007686465 0.01836862 20.96
-0.004857185 0.01792251 20.85
0.02218426 0.01718481 20.74
-0.0137382 0.01634952 23.59
0.002677582 0.0171234 22.47
0.0225299 0.01676499 22.56
0.01179327 0.01593614 23.27
-0.01688563 0.01682308 24.52
-0.007776683 0.01643573 22.64
-0.01574244 0.01643247 21.68
-0.0201016 0.0157582 20.58
-0.005388456 0.01571968 18.47
0.000806325 0.016165 18.6
0.01772517 0.01541828 18.66
-0.004461035 0.01465451 20.26
0.01824137 0.01510662 20.74
0.03205326 0.01441007 22.5
-0.002003991 0.01496225 23.17
0.03660071 0.01761066 22.49
0.01073643 0.01669654 23.94
0.02489533 0.01976872 23.79
-0.007350916 0.01904975 25.43
-0.01624434 0.01977264 24.12
0.0227754 0.01883187 23.45
-0.05245487 0.01851133 23.68
0.01074452 0.01904205 22.9
0.001965931 0.0244309 23.34
0.005228646 0.02334736 24.38
-0.02249508 0.02206759 28.46
0.02130842 0.02093712 27.18
-0.04708586 0.02098616 31.01
-0.007605008 0.02103103 29.02
0.02260866 0.02477791 27.78
-0.004391344 0.02349767 29.08
-0.01061249 0.02338829 27.78
0.004250019 0.02212366 27.32
-0.01372439 0.02114835 27.62
-0.01822491 0.02005451 26.2
0.01059897 0.0194261 24.02
0.02733214 0.01922061 25.99
0.009856415 0.01853876 28.24
0.0121404 0.01967592 28.97
-0.009045962 0.01891342 27.66
-0.017946 0.01835921 28.01
-0.01313338 0.01759525 27.6
-0.01758547 0.01756471 26.33
0.02134826 0.0171181 24.88
-0.00028296 0.01710625 25.54
0.01098714 0.0176582 25.02
-0.02678116 0.01673523 25.59
0.008566589 0.01629637 24.4
-0.01060457 0.01756381 25.12
-0.01842815 0.01690022 24.06
-0.03831838 0.0163407 23.03
-0.01802163 0.0165104 21.9
0.01053126 0.01972929 22.69
0.01204728 0.01947325 23.53
-0.00324473 0.01876634 26.54
-0.01287279 0.01821872 26.28
0.002769832 0.01727843 25.52
0.02518653 0.01683914 24.6
-0.01254103 0.01600705 27.55
-0.0006138116 0.01726733 27.49
-0.0215188 0.01680491 29.38
-0.004966646 0.01593922 26.36
0.009958421 0.01653012 27.22
0.005883273 0.01574443 27.29
-0.002772154 0.0153237 31.16
-0.02444966 0.01470496 32.24
0.01249271 0.01400119 25.79
-0.01181592 0.01533661 29.84
-0.00615005 0.0151549 26.62
0.009197165 0.0148376 25.73
0.009025609 0.01421742 25.72
0.01196125 0.01388519 26.08
0.008258004 0.01357228 25.88
-0.004962666 0.01353506 25.71
-0.01165679 0.01320165 25.61
0.01452701 0.01266451 22.68
-0.01048385 0.01259138 23.43
0.002243515 0.01294961 23.21
-0.00473975 0.01274816 22.45
0.0003440592 0.01220164 22.42
-0.004290781 0.01173619 22.36
-0.01706653 0.01123592 22.81
0.02368325 0.01083381 21.98
-0.01097357 0.01164325 23.46
0.0009384402 0.01355988 23.82
-0.02777469 0.01333499 22.78
-0.02143365 0.0127214 20.53
-0.0106679 0.01490406 20.37
0.0004020808 0.01564153 20.13
0.005483004 0.01519649 20.5
0.0005661602 0.01444482 20.87
-0.004761645 0.01387789 20.26
0.008978184 0.01322097 20.06
0.01135725 0.01267548 19.59
-0.009486857 0.01247827 19.64
0.01765595 0.01251012 20.24
-0.02382297 0.01227724 20.79
0.003485066 0.01309003 18.88
0.009379854 0.01450532 18.18
-0.006453134 0.01385963 18.9
-0.01470929 0.01357506 18.21
-0.006263344 0.01306787 19.73
0.006907804 0.01324717 19.4
-0.009467046 0.01275824 19.41
-0.01064217 0.01240929 17.79
-0.007398563 0.01218498 17.98
-0.007343967 0.01207654 17.66
0.004994452 0.01174707 16.3
0.01045951 0.01144462 16.47
0.01041101 0.01110612 17.01
0.0125403 0.01121614 17.58
-0.008698062 0.01130774 18.59
0.004018062 0.01161422 18.05
-0.02481065 0.01141347 19.55
-0.01728574 0.01103213 19.64
-0.00131114 0.01308637 19.07
0.002161334 0.01356238 18.14
0.01612227 0.01292489 17.83
-0.003761915 0.01236303 19.83
0.002270576 0.01295348 20.24
-0.007187111 0.0123991 20.8
0.02786155 0.01188001 18.63
-0.007337018 0.01155616 23.56
-0.0006357978 0.01429584 23.12
0.0215904 0.01377155 23.18
-0.00485619 0.01311704 24.12
-0.01840066 0.01436304 23.33
-0.004429177 0.0137332 21.22
0.01278741 0.01425355 20.95
0.007542372 0.01361916 21.13
-0.006902125 0.01365624 22.24
0.01840534 0.01326523 21.58
-0.005848862 0.01280504 22.87
0 0.01363367 22.64
-0.009031097 0.01309584 22.42
0.02808368 0.01249169 21.14
0.008955985 0.01222805 23.93
0.01274183 0.01482509 23.44
-0.006223593 0.01441977 23.95
0.001426016 0.01436024 23.65
-0.003687194 0.01378026 25.92
-0.01626304 0.01314094 24.78
-0.01939862 0.01257041 25.78
0.02849413 0.01299573 23.15
-0.02282746 0.01376333 25.23
0.008642237 0.01604561 25.59
0.004760312 0.01679176 27.49
-0.01356557 0.01619591 28.48
-0.0219963 0.01546598 28.54
-0.004594429 0.01525956 25.1
-0.02628744 0.01601688 25.01
0.009515126 0.01525791 24.05
-0.01036114 0.01664112 23.05
0.003698832 0.01611098 21.18
-0.00369915 0.0156044 21.31
0.01137242 0.01488385 23.44
0.01789822 0.01418476 22.91
-0.0111061 0.01402738 24.23
-0.009356095 0.01459286 22.03
0.006852424 0.01427631 21.21
0.0105252 0.01386813 22.94
-0.007238737 0.0134177 22.57
-0.01021762 0.0132691 23.49
-0.006111288 0.01282576 21.14
0.0008523632 0.01261619 20.23
0.001861732 0.01217262 21.15
0.01730589 0.0116445 20.66
0.01095984 0.01117468 20.12
-0.004621305 0.01213292 21.17
-0.009021186 0.0121673 21.55
0.00457947 0.01170046 20.34
0.01410704 0.01151455 19.58
0.01642719 0.01114958 20.98
0.0004080833 0.01166885 21.28
-0.003910345 0.01241306 20.42
-0.01565088 0.01186213 19.82
0.0167078 0.01139695 18.81
0.002934301 0.01192149 20.97
-0.007158318 0.01266205 20.49
-0.009679007 0.01214047 19.76
0.02314274 0.01179144 19.43
0.02765181 0.01164639 20.65
0.0005911747 0.01346513 21.99
0.02862995 0.01566519 21.43
0.005843037 0.01488232 24.03
-0.02556053 0.01692934 23.06
0.01936938 0.01618545 22.64
-0.02574377 0.01729131 25.47
-0.009779029 0.01757986 24.52
0.001930863 0.01848092 24.39
0.03228872 0.01774439 25.66
-0.007438267 0.0168346 31.7
0.0402659 0.01908748 30.3
-0.03221934 0.01819943 36.22
-0.03188716 0.02158948 33.1
0.02246342 0.02275014 32.07
0.007340878 0.02368451 33.85
-0.009489829 0.02353989 35.72
-0.0308599 0.02237569 35.19
0.005761566 0.02133126 32.82
0.04242119 0.02234422 34.74
-0.02160688 0.02121042 46.72
0.06017047 0.02427554 39.39
0.05018023 0.02387496 39.81
0.01248967 0.02969532 45.26
0.0276405 0.03232309 45.14
0.0506556 0.03074771 52.05
0.0547931 0.03034635 53.68
0.01726621 0.0329279 57.53
0.01414456 0.03568314 63.92
-0.04957652 0.034094 69.95
-0.01496152 0.03246643 54.99
0.05840378 0.03433457 55.13
-0.03593069 0.03267248 69.25
0.008118869 0.03605889 67.61
-0.01887769 0.03577953 70.33
0.04025445 0.03382154 52.97
0.06101832 0.03239601 53.11
-0.008931 0.03318222 69.65
0.02740203 0.03690278 67.8
0.02980478 0.03486266 79.13
-0.09135327 0.03403296 80.06
-0.01048583 0.03349472 66.96
-0.02783985 0.04276841 69.96
-0.02483016 0.04039106 62.9
0.003123874 0.03901023 59.89
-0.007738977 0.03753929 53.68
0.0377486 0.03537914 47.73
0.04887307 0.03340914 54.56
-0.01306725 0.03376288 63.68
0.02821431 0.0354928 56.1
0.01356458 0.03367278 59.98
0.03693166 0.03302743 61.44
-0.05454216 0.03144963 66.46
0.04717023 0.03195777 59.83
0.03612367 0.03466367 66.31
-0.03300625 0.03602067 69.15
0.05268795 0.03588737 67.64
0.05729019 0.03534449 74.26
-0.0428382 0.03736332 80.86
-0.06476381 0.03971822 72.67
-0.009468036 0.03974316 64.7
-0.01256769 0.04262844 60.9
0.0008573674 0.04023606 54.92
0.05932334 0.03808148 55.28
-0.0375183 0.03587123 68.51
-0.01034233 0.03879627 62.98
0.04086366 0.03837885 60.72
-0.03987146 0.03627987 63.64
-0.05162804 0.03663264 59.93
0.02590465 0.03669847 58.49
-0.002053889 0.03818899 58.91
0.02790166 0.03694354 55.73
-0.01990458 0.0348032 55.78
-0.00691007 0.03402111 54.28
-0.04292251 0.03264007 56.76
0.006503099 0.03082732 52.37
0.02166807 0.03202665 49.84
0.005730387 0.03027095 47.34
0.01848887 0.02940535 44.93
0.01709835 0.02780124 44.56
0.0009934934 0.02691795 45.02
-0.01000974 0.02601288 44.21
0.0009844844 0.0245539 43.38
-0.02791473 0.02337438 43.9
-0.007274477 0.02208353 41.63
-0.03743258 0.02260513 40
0.006314897 0.02146301 39.19
-0.0273807 0.02342737 39.08
0.01626964 0.0222364 38.56
0.00697225 0.02267291 43.39
0.02885946 0.02208285 42.56
-0.01185347 0.02100766 42.82
0.004326345 0.02196198 45.84
0.02551578 0.02106228 43.27
-0.01111698 0.01997616 49.14
-0.009465065 0.02064364 51
0.03523451 0.01980753 46.11
-0.1089889 0.01895253 56.65
0.01487712 0.02125597 46.42
0.00645982 0.03989804 47.29
-0.02330433 0.03789454 47.27
-0.0006547856 0.03576332 45.69
-0.03389405 0.03445732 42.25
0.02466366 0.03246693 39.66
0.009339477 0.03237935 42.63
0.007887021 0.03155724 44.84
-0.02765797 0.02991372 45.52
0.006977285 0.02833378 43.06
0.004534264 0.02807464 43.85
-0.04475728 0.02659017 43.73
-0.007048104 0.02514262 43.37
0.03735509 0.02757624 43.64
-0.02006142 0.02609426 46.67
0.0009464477 0.02742395 44.53
0.01302242 0.02660074 41.25
0.03436476 0.02510426 42.93
-0.009221352 0.02409027 48.66
0.02859908 0.02532007 48.46
0.00157524 0.02405636 47.08
0.05106174 0.02454079 49.3
-0.0237761 0.02318015 52.62
0.00580381 0.02737409 45.49
-0.03511518 0.02685515 44.67
-0.03381575 0.02541956 44.66
0.03291686 0.02638409 46.35
0.01447831 0.02704435 52.65
-0.01940745 0.02765195 50.93
0.02271709 0.02652166 47.56
0.01927457 0.02573002 50.17
0.02752845 0.02539058 49.33
-0.04416998 0.02478514 49.68
-0.01558 0.02505022 44.37
-0.01988694 0.0274069 43.61
0.0004420977 0.02629002 41.18
-0.009471999 0.02555515 42.36
-0.01835747 0.02412213 43.74
0.01038676 0.02295183 40.8
-0.007692338 0.02240548 40.06
0.001620312 0.02145741 43.68
-0.06486972 0.0204091 45.89
0.004162652 0.01931686 43.23
0.003567355 0.02742217 42.93
-0.008438297 0.02591352 42.25
0.04800607 0.02449147 40.36
-0.003922298 0.02325755 41.04
-0.02476481 0.0268614 45.54
-0.007403526 0.02536568 44.14
-0.03235683 0.02514525 42.28
-0.01379047 0.02383429 42.04
0.006477937 0.02466986 39.7
0.02805797 0.02366534 40.93
-0.02440867 0.02246322 40.39
-0.005027342 0.02309892 38.85
0.01735676 0.02309607 36.53
0.006826246 0.02186264 37.81
0.004239976 0.02143775 37.67
-0.02576521 0.0204029 36.17
0.001578245 0.01935946 35.79
0.008329595 0.01999433 33.94
-0.01854596 0.01892898 39.18
-0.002343252 0.01814469 37.14
0.01108016 0.01811137 38.1
0.01330005 0.01716672 37.15
0.001299844 0.01669502 36.82
-0.01971439 0.01644217 38.32
-0.02039069 0.01561286 37.95
0.008009995 0.01602611 36.08
-0.01347382 0.01646379 36.5
-0.01499107 0.01585949 35.3
0.003207137 0.01560489 34.53
0.006444723 0.01551172 33.36
0.01959473 0.01478432 32.45
0.01077989 0.01423538 33.44
-0.01379738 0.01499291 32.05
-0.01005627 0.01470427 32.87
0.01629505 0.01459964 31.8
0.01190357 0.01420806 33.65
-0.003161996 0.01455073 31.37
-0.03117497 0.01440069 33.12
-0.00885369 0.01372553 30.24
0.01393464 0.01629315 28.8
0.01189142 0.01568345 29.03
0.009086154 0.01559526 31.35
-0.03025662 0.01533586 32.63
0.02010169 0.01489306 30.62
-0.01695446 0.01701218 32.36
-0.01507382 0.01742406 31.67
-0.01947414 0.01731589 28.92
0.01431294 0.01704861 30.04
0.003188077 0.01724451 29.63
0.001503129 0.01702307 31.02
-0.008521588 0.01618749 30.18
-0.002328287 0.01537844 29.62
-0.00602879 0.01482613 29.77
-0.001940117 0.01410752 28.27
-0.009644343 0.01353947 28.46
0.0109376 0.01290868 28.11
0.005466916 0.01264805 28.15
0.002791894 0.01262052 30.81
0.002986455 0.01220337 32.68
0.006281689 0.01171356 31.54
0.004146585 0.01126888 30.03
0.01302242 0.01102003 27.99
0.0007652928 0.0106783 31.17
0.002780863 0.01113371 30.58
-0.01817287 0.01068467 29.05
0.003589434 0.01031833 26.36
-0.001417994 0.01139005 25.93
0.01341255 0.01099335 25.35
-0.004013933 0.01054965 26.35
0.03011288 0.01107408 26.22
0.0007863091 0.01067617 27.95
0.01446715 0.01416144 29
-0.004879078 0.01348629 30.85
-0.01380921 0.0137165 31.3
0.01232059 0.01313658 29.78
-0.0272941 0.01321336 29.02
0.003577391 0.01325232 26.31
-0.03772922 0.01522186 25.02
-0.03139886 0.01452581 25.89
-0.04229579 0.01817495 25.42
-0.008798182 0.01980776 24.34
-0.005139769 0.02295785 24.4
0.01263954 0.02184401 23.87
-0.01281059 0.02069612 23.47
-0.004942764 0.02002003 23.43
8.500361e-05 0.01933418 23.09
0.002979434 0.01835153 24.28
0.0001710146 0.01738329 25.01
-0.005103953 0.01651778 25.61
-0.0005938237 0.01567353 25.4
-0.01673322 0.01495398 25.92
0.002671565 0.01421572 25.56
0.009492915 0.01446946 24.89
0.004568419 0.01380454 24.9
-0.01647651 0.01353382 25.67
0.005293988 0.01300077 24.76
0.007695535 0.01339026 24.99
-0.01265459 0.01290018 25.99
-0.00242805 0.01258846 25.45
0.00848187 0.01261653 24.71
0.01452701 0.01206016 24.27
-0.006567387 0.01188755 27.89
-0.007959241 0.01234746 26.18
-0.003199875 0.01194868 26.26
-0.007955273 0.01166535 25.09
0.004848736 0.011197 25.01
0.004115457 0.010986 25.14
-0.005371547 0.0106812 24.92
0.0003350561 0.010368 24.95
0.01018267 0.01008556 24.68
0.001439035 0.009715878 24.76
0.01158788 0.00997984 26.01
0.005155266 0.00963613 29.15
-0.002064867 0.01007458 28.9
-0.009667122 0.009872421 27.1
0.002557267 0.009527091 25.26
0.003419841 0.009640427 25.62
-0.007763784 0.009357089 24.32
-0.003223798 0.009133585 23.55
-0.007006398 0.009128087 24.15
-0.003946203 0.008873586 23.86
-0.02048377 0.008839878 23.42
-0.0004928785 0.008637018 23.69
-0.001885222 0.01050282 23.65
0.004431806 0.01009486 23.92
-0.0003289459 0.009728429 24.06
0.006517191 0.009519182 23.08
-0.0009925073 0.009192394 23.49
-0.00115733 0.009176618 24.95
0.01455846 0.008879515 25.61
0.004367524 0.008609221 24.88
-0.006710435 0.009651294 25.19
0.01439917 0.009446067 25.61
-0.009455159 0.009329589 28.27
-0.00611427 0.01020229 28.68
-0.01327253 0.01021427 26.84
-0.01171511 0.009984667 25.7
0.003998985 0.01042866 24.68
-0.02933062 0.01063127 24.18
-0.008775383 0.0103172 23.12
0.0001570123 0.01348912 23.01
-0.01041656 0.01311514 22.99
0.002887164 0.01251044 22.86
0.05080815 0.01234893 21.72
-0.01160638 0.01185046 21.43
0.001951904 0.01989478 21.49
0.01600439 0.01914585 20.9
-0.01494477 0.01814177 22.22
0.01917365 0.01797909 20.69
0.00207916 0.01763446 22.27
-0.004485923 0.01785667 24.31
-0.0070203 0.01694155 24.83
-0.0112129 0.01611401 27.91
0.01856425 0.01543106 24.76
0.0004150861 0.01504297 30.69
-0.004964656 0.01554319 29.78
-0.001072425 0.01476746 28.81
-0.01481275 0.01411068 27.72
-0.007606993 0.01343276 25.43
-0.02012218 0.01357693 24.19
-0.007196046 0.01312686 23.15
-0.00220357 0.01397361 22.84
0.007338864 0.01346891 23.04
-0.006079482 0.01284631 24.24
-0.009246123 0.0125163 23.36
-0.003270646 0.01207964 22.89
0.003738981 0.01187203 22.41
0.004771365 0.01138909 21.63
0.004558374 0.01099834 22.63
-0.009719611 0.01068846 22.19
0.002108221 0.01039591 21.16
0.005093952 0.01040855 20.47
0.0124917 0.01004511 20.48
-0.005157676 0.009842228 24.74
-0.01250548 0.01036133 24.51
0.005722341 0.01006949 21.92
-0.002669434 0.01040935 21.12
0.00235477 0.01020882 22.46
0.001651363 0.009846523 21.25
0.001890786 0.009538381 22.1
-0.01246104 0.009237377 23.69
-0.007371762 0.008969243 22.66
-0.00262555 0.009472473 22.32
-0.001926144 0.009399165 21.59
0.01114487 0.009104929 21.15
-0.001710536 0.008823216 21.49
0.01023015 0.009335842 20.54
-0.003995009 0.009031104 22.51
-0.005768331 0.009399529 21.68
-0.009899835 0.009146375 20.49
-0.0005388548 0.009002253 19.54
-0.004375414 0.009207173 19.71
-0.01323799 0.008906587 19.47
0.003483059 0.008715145 19.93
-0.005446143 0.009363739 20.01
0.01267701 0.009142442 19.96
-0.01177144 0.008980576 21.68
0.01215356 0.009670163 20.04
0.006517191 0.009983612 19.35
0.003468007 0.01043799 19.16
-0.009984984 0.01028729 19.06
0.0105252 0.009980859 18.13
-0.007923526 0.01006763 17.55
0.002147304 0.0103203 18.25
-0.01584579 0.01019642 17.85
0.004014046 0.009851976 17.63
-0.01775052 0.01066275 17.91
0.02942881 0.01034656 17.58
0.009643348 0.01134752 18.68
0.02750687 0.01447124 22.27
-0.004927838 0.0141471 27.31
0.002938313 0.01616233 25.41
-0.004601397 0.01540202 24.55
0.02063443 0.01467577 23.14
0.01105084 0.01401488 23.73
-0.01845761 0.01495447 24.62
-0.006874318 0.01469112 22.59
-0.001035464 0.01508117 21.48
0.02139525 0.01447218 21.6
-0.004219087 0.01376849 26.08
0.008863162 0.01486304 26.11
-0.01085289 0.01417791 26.51
0.003252283 0.01382591 26
-0.007463082 0.01356509 25.4
-0.002179623 0.01298338 23.96
-0.00987013 0.01257675 22.73
-0.008745645 0.01201981 22.25
-0.01164691 0.01186595 21.72
0.004862804 0.01164351 20.63
0.002676579 0.01168667 20.02
0.003078734 0.01132028 19.94
-0.00889631 0.01089787 21.37
0.00408433 0.01052372 20.27
-0.0007077495 0.01045237 20.1
-0.01102698 0.01015826 19.5
0.008985247 0.009778136 19.26
0.004247006 0.009995158 19.06
0.001261796 0.01009939 18.83
-0.00417328 0.009845464 18.72
0.006622883 0.009509453 17.42
0.006826246 0.009253079 17.79
-0.0005578444 0.009238683 17.92
-0.01563907 0.009242251 18.57
-0.002661455 0.008938639 18.06
0.00086037 0.009893822 17.58
-0.006549505 0.009557829 18
0.007097125 0.009239071 17.69
-0.004841262 0.009133753 16.91
0.005232667 0.009172191 16.62
-0.002111769 0.008976453 16.97
-0.01080244 0.008891521 16.87
0.006514171 0.008631734 16.35
-0.005508799 0.00898751 17.55
-0.000154988 0.008995156 18.4
0.005196478 0.008851592 17.77
-0.001399021 0.008583109 17.59
0.004046175 0.008538735 17.13
0 0.008300833 17.59
-0.008540427 0.008214705 17.47
0.003252283 0.008004773 17.02
0.003496104 0.008209986 16.23
0.006794027 0.008091526 16.62
-0.008971634 0.007997595 16.48
0.003111837 0.008152179 16.14
-0.005206423 0.008379782 15.58
-0.01705867 0.008237463 16.2
0.002746769 0.008155721 15.59
0.001987975 0.009517171 15.89
-0.0121736 0.009251602 18.36
0.01939589 0.008984975 17.34
0.005411616 0.009449675 15.73
-0.001084412 0.01112494 16.32
-0.00663792 0.01083774 16.47
-0.005676856 0.01040422 16.62
0.01471778 0.01018664 17.47
-0.009886963 0.009936139 22.81
-0.002763179 0.01074221 21.08
0.01125409 0.01072947 18.44
-0.004640218 0.01032629 22.05
0.01148571 0.01062386 20.19
0.005164312 0.01028667 23.84
0.02293501 0.01061627 24.91
0.01479592 0.01036264 32.8
-0.03358177 0.01246341 40.95
-0.004897985 0.01287197 28.84
-0.04461957 0.01615127 28.32
0.009085145 0.01539092 25.52
0.002208437 0.02024236 26.68
0.005733405 0.01939426 31.24
0.003764075 0.01837736 30.84
0.008423377 0.01752221 33.55
0.04005874 0.01666597 35.32
-0.01300112 0.01606806 45.79
0.007764062 0.01999561 40.1
-0.0005618421 0.0193241 38.32
0.01041404 0.01848252 34.61
-0.02531973 0.01750421 35.02
0.008981211 0.01695701 29.68
0.007372107 0.01789938 32.07
-0.02439013 0.01723151 35.54
-0.004307708 0.01653252 30.17
0.02116644 0.01741434 29.46
0.009221387 0.01654949 35.48
0.003308467 0.0171593 36.57
-0.001453943 0.01656673 33.7
-0.03005188 0.01576631 33.73
-0.006012886 0.0149741 30.57
-0.0003889244 0.01703909 28.79
-0.009988944 0.01624892 28.58
-0.004305717 0.01542125 25.87
-0.004821359 0.01495153 25.92
0.006357164 0.01426218 25.05
-0.003834638 0.01363885 23.95
0.01038676 0.01318093 24.88
-0.006244463 0.01261111 27.05
0.01486697 0.01253785 26.91
0.008382031 0.01210705 29.74
-0.01452599 0.0125765 28.53
0.03062417 0.01234416 29
0.01295455 0.01259793 34.13
0.007397293 0.01559786 34.54
0.005809845 0.01542922 32.86
-0.01304455 0.0148769 30.12
-0.02826962 0.0142902 29.65
-0.007608978 0.01416273 26.84
7.800304e-05 0.01609766 25.71
-0.005533661 0.01544186 24.98
-0.01396898 0.01467121 24.43
-0.001837311 0.01404069 24.56
0 0.01402662 24.89
0.02079268 0.01335965 25.14
-0.01365337 0.01273628 26.25
0.02527986 0.01393118 25.97
0.0101665 0.01389945 23.93
-0.01740957 0.01558593 25.64
-0.007113638 0.01519454 24.63
-0.0002339726 0.01539707 23.47
-0.001711534 0.01477382 22.73
0.00155621 0.01404867 23.19
0.003197105 0.013379 24.25
-0.002963604 0.01277123 24.13
-0.01821313 0.01224912 23.5
0.002987458 0.01173018 22.01
-0.006879283 0.01254586 22.63
-0.004256926 0.01203494 22.21
0.007920283 0.0116799 22.1
-0.01419083 0.01124018 21.74
0.001212735 0.01110956 22.14
0.01536342 0.01149673 22.37
0.01185499 0.01102585 25.39
0.003357631 0.01173171 25.73
0.0007823059 0.01190597 26.24
-0.005307888 0.01145814 26.1
-0.007311208 0.01098394 24.33
0.003813261 0.01064355 24.59
0.01092041 0.01044459 26.44
0.008110804 0.01013888 25.49
0.0124917 0.01042529 25.66
-0.002957622 0.01039929 27.46
0.0200772 0.01083173 26.7
-0.0157572 0.01042451 27.37
0.01072026 0.01198732 24.45
0.002190397 0.01243593 27.21
-0.02121438 0.01241253 26.05
0.005820909 0.01189047 23.89
-0.02011042 0.01312812 23.19
0.01285831 0.01268561 21.31
-0.001031468 0.01360681 23.8
-0.002218537 0.01365241 23.25
-0.0128175 0.01300718 22.81
-0.01257757 0.01241871 21.99
0.005881261 0.01248293 21.21
-0.004490901 0.012516 21.56
-0.001852283 0.01212952 22.1
-0.004001981 0.01166125 21.72
-0.01221509 0.01116976 22.01
-0.001440961 0.01076355 21.5
-0.004460039 0.01097487 22.35
0.00681215 0.0105328 22.51
-0.01836139 0.01019649 23.87
-0.004017917 0.01009238 21.71
-0.001780414 0.01123964 22.54
-0.004364462 0.01082818 22.6
0.009940241 0.01040104 23.25
-0.01111994 0.01007254 23.7
0.002879141 0.01026228 22.5
-0.0176621 0.01042489 23.53
-0.001307145 0.01008403 21.76
-0.006363709 0.01112287 21.49
-0.0009365613 0.0106682 21.56
-0.005817048 0.01040955 20.71
-0.001359076 0.01000958 18.96
-0.003711105 0.009783207 18.93
-0.008017772 0.009436976 19.07
0.003114846 0.009170228 19.88
-0.01246993 0.009180927 19.03
0.03418366 0.008960831 19.09
-0.007506754 0.009466558 20.63
-0.005450121 0.01435158 19.79
0.001144655 0.01383118 19.27
-0.00121626 0.01326234 18.78
-0.005917457 0.01265678 19.85
-0.005388456 0.01208501 20.22
0.003754038 0.01167733 20.71
-0.0189817 0.01128073 20.88
0.001951904 0.01089976 21.2
-0.003621435 0.01198254 21.83
-0.002291373 0.01148828 21.57
-0.01800984 0.0110448 19.56
-0.0008856077 0.01060749 18.52
-0.001292165 0.01159769 18.26
0.002187391 0.01110434 18.29
-0.002802071 0.01065102 19.08
0.007672357 0.01026951 18.47
0.01168905 0.009905049 18.64
0.0006962423 0.00990157 20.61
0.009794813 0.01031178 20.2
0.002041082 0.009927708 22.58
-0.01683548 0.01012153 21.76
-0.004768612 0.009780503 18.75
-0.002341257 0.01075194 18.04
0.01531772 0.01040878 18.37
-0.01820233 0.0100236 20.63
0.0117275 0.01090108 19.56
0.00850204 0.01186469 22.22
0.01005842 0.01200862 21.53
-0.02063953 0.0118429 23.54
-0.005317835 0.01182666 21.36
-0.001377051 0.01298639 19.39
0.002686606 0.01247926 18.01
0.006712478 0.01192162 18.02
-0.00664388 0.01145106 17.99
0.004701033 0.01121245 17.74
-0.003597521 0.01091887 17.25
0.00373597 0.01061261 17.61
-0.01061744 0.01024024 17.55
0.0075726 0.009949441 17.61
0.001175691 0.0101017 17.94
-0.003108165 0.01006745 17.39
0.003384722 0.009711141 16.11
-0.008475977 0.009401702 16.41
-0.001439963 0.00917245 16.49
0.0004110845 0.009221389 15.45
0.003777124 0.008923548 16.47
-0.002542764 0.008653557 17.67
-0.005543606 0.008516047 17.52
-0.001023476 0.008299314 17.28
-0.0006138116 0.008230775 17.52
