-0.02843233
0.04888404
-0.01060848
-0.02659284
-0.00191966
0.003804892
0.00954075
0.01026489
-0.006252454
0.00612432
0.002123399
0.01381939
-0.004036415
0.0002681125
0.01294732
0.002862702
-0.004989337
-0.001887586
0.006781632
0.006983483
-0.005635586
0.005446303
-0.01762846
0.003580177
-0.001514833
-0.008443694
-0.006254182
-0.01342525
0.01175786
-0.008689766
-0.002186191
0.008090775
-0.01908632
-0.01750889
-0.01868092
-0.001953679
-0.005570956
0.01733874
-0.00768933
-0.01441247
0.001039832
-0.005696042
0.005841048
0.00993111
0.006431657
0.002255970
-0.02507577
-0.04414078
0.01471963
-0.02618183
0.005854042
-0.01981916
0.01747311
-0.02437195
-0.01808629
-0.004071943
0.01971350
0.01121921
0.02525339
-0.02473301
-0.004640984
0.01072670
-0.01254027
-0.03499844
-0.002905361
0.04275296
-0.02018605
0.008084703
0.02670618
-0.00213343
0.01499141
-0.003232935
0.01022994
0.03815325
0.01246480
-0.00857948
-0.01509346
-0.01223601
0.01581515
0.004684838
0.01489835
-0.002869121
0.01349836
0.0007814135
-0.01498432
0.01433713
-0.002450478
-0.001829914
-0.00449789
-0.0002867703
-0.007605451
0.00260564
0.0004162731
0.02805549
0.002720054
0.002689455
0.01602467
-0.002631370
-0.01564823
0.003191055
-0.01188629
-0.007824631
-0.01577928
0.006182375
0.00385458
0.005095391
0.01290654
-0.01060474
0.005441731
-0.009441752
-0.008391102
0.001163236
-0.01141176
-0.01765657
-0.004527107
-0.004895193
0.003428325
0.008671002
0.01130011
-0.009494912
-0.005523859
-0.001511071
-0.004687322
0.01241569
-0.001485363
0.01002812
-0.001837187
-0.01239781
-0.02377873
0.00685539
-0.01450263
-0.001134776
0.02341502
0.006221604
-0.01094245
0.009921923
-0.005557061
0.006034533
-0.003437945
-0.01650411
-0.01640547
0.01595198
0.01039526
0.002399586
-0.001078686
0.005555225
0.003872844
0.003956208
-0.00525647
-0.01148748
0.003260041
-0.01748002
-8.449657e-05
0.00567075
0.0009490017
-0.003835128
-0.007366563
0.003085167
-0.01680339
0.008091311
-0.01215301
0.006932004
-0.002767038
0.01946359
-0.004838978
-0.01512384
-0.0112119
-0.01715013
0.004021909
-0.0005647424
-0.001059752
-0.02264477
-0.01881288
0.006206638
-0.05046794
-0.005821857
-0.01624369
-0.03155252
-0.01921775
0.03824257
0.008751271
-0.005179999
0.01142362
0.0216852
-0.002298642
0.01223052
0.01973119
-0.002474428
0.001634743
-0.008379387
-0.005369989
0.02267913
0.01509379
-0.00528077
-0.001530966
0.006911964
-0.01880835
-0.007904222
0.004546969
0.01518024
-0.004708747
0.0003871003
0.01362769
0.004100337
-0.02410660
-0.01731495
-9.435876e-06
0.02268881
0.002855434
0.01428309
0.01442164
-0.002738673
0.002452627
0.001581169
-0.001768932
0.01839320
0.001859405
0.0009021437
-0.003147897
0.01083991
-0.007324379
-0.004939278
0.01163795
0.006135839
-0.006866325
-0.01842003
0.01029665
-0.0006579958
-0.008416557
0.01310082
0.0220729
-0.00278081
-0.007559993
-0.01599519
-0.002784746
0.0002726677
-0.01567982
0.003308854
0.0099848
0.007517776
0.005792869
-0.008412403
0.004341706
-0.0002096491
0.004115053
0.006728835
0.003356128
-0.01120795
0.005723607
0.009138231
0.00619393
-0.006520088
-0.003594775
-0.004810338
0.001219887
-0.009512918
-0.006295965
0.006810847
-0.01637852
0.009980449
-0.00997158
-0.00736132
0.00789329
0.003512765
0.0009976032
-0.0001941456
-0.02903011
0.01167924
0.01482354
-0.007103564
-0.02504823
-0.004046772
-0.005990273
-0.003087335
0.01474946
0.01423834
-0.004001015
0.00989222
-0.001816563
-0.0110779
-0.01905412
0.01342327
-0.01563184
0.008190612
0.01781547
-4.50692e-05
0.0004596106
-0.00285119
0.02238189
0.01930390
-0.006695735
0.01440531
-0.004508026
0.005831573
0.003386825
-0.002296645
-0.009906663
-0.0009102219
0.01131437
-0.0005232212
0.004058503
-0.01588224
0.001509474
-0.004247951
-0.01475974
0.005831691
0.005334934
0.002452040
-0.0007410863
-0.0085666
-0.01004358
0.00083491
-0.003210219
0.002277561
-0.006678312
0.01127101
-0.02397436
0.0066104
-0.007643833
0.02314843
-0.002040419
-0.001421881
0.0006223218
-0.01553099
-0.00622062
-0.007128238
-0.001519715
-0.01398676
-0.01015057
0.01070787
0.00881959
-0.001750330
-0.01031525
-0.01952934
-0.003025462
0.03681776
-0.01465431
-0.01693650
0.01837999
0.02092311
-0.005675524
0.006540927
0.007583422
-0.01338223
-0.01105106
0.005669714
0.01013247
-0.01216027
-0.008589868
-0.006432631
-0.002813838
0.002326673
-0.02510783
9.609056e-06
0.008810967
-0.01996170
-0.001575355
0.003119127
-0.01676864
0.006549147
-0.01054290
-0.002270891
0.02828752
0.000935702
-0.0166741
-0.01352252
-0.0171897
0.003612772
-0.01684263
-0.002677378
0.01742256
-0.0008280905
-0.02161976
-0.02145392
0.006203755
0.03607148
-0.01225848
-0.02502968
-0.03455209
0.007468214
-0.006469224
-0.003762264
-0.01868247
0.005644792
-0.02739039
-0.03910728
-0.03346438
-0.02738881
0.05574432
-0.005647684
0.01674273
0.05266658
0.004240352
0.009744345
-0.03001985
-0.02335288
-0.03489794
0.02947970
0.01981244
0.0321984
0.003505874
-0.005340879
-0.02191351
0.03926595
0.01149283
-0.001592237
0.02333743
-0.01405647
0.01264598
0.01395376
-0.02294749
0.007507408
-0.01394776
-0.01829823
-7.626643e-05
-0.001886721
-0.04242341
0.01736504
-0.01607888
0.01666075
0.01006197
0.007304699
-0.0001429333
-0.02509651
0.003264445
0.001448698
-0.01992563
-0.004658696
-0.03052585
0.002451577
-0.01392443
-0.01743551
0.02455894
0.01804594
-0.03279099
-0.01472038
0.03924289
-0.02387005
-0.01088142
-0.02268657
-0.01929612
0.01675724
-0.02766616
0.03436834
0.03831512
0.007299825
0.04624934
-0.02440840
0.02205676
0.005885739
0.01718546
-0.01068238
0.006695429
-0.01533786
0.01702145
-0.008300381
-0.009117747
0.009656788
-0.005572864
0.01701483
0.008168905
0.007720437
0.009102094
-0.02311742
-0.008801708
-0.02095021
0.007685611
-0.0004757913
0.02433521
0.00612978
-0.01046309
-0.004028718
0.01922871
0.02122477
-0.003443637
0.002490046
-0.02119049
0.02760166
-0.002730406
-0.001902889
-0.01485517
-0.003448786
-0.01209358
0.006245965
-0.02242602
0.01386089
0.0005637197
-0.003741964
-0.01351176
0.02324704
-0.008172584
-0.01323238
-0.00773927
0.01293269
0.001806887
-0.005486507
-0.003153532
-0.01615844
0.004547561
0.0004888558
0.03266076
-0.0004841496
0.02222556
-0.006566111
-0.01418572
0.01920059
0
-0.001413291
0.005812968
-0.01453093
-0.003950202
-0.01411622
-0.01582686
-0.01048719
0.01017169
-0.02966925
-0.01629173
0.01296603
0.006756077
-0.02311437
0.01304487
0.005384566
-0.01418796
-0.005449862
-0.006469512
-0.01014495
0.00754059
-0.008131347
-0.01276809
-0.001601418
0.02120811
0.01931189
-0.007121412
-0.009546924
0.01313755
-0.01855177
0.007168747
-0.01322853
0.01168901
0.004611461
-0.007565849
-0.01547592
0.009516732
-0.00938292
0.008225414
-0.02616917
-0.008394475
0.004311748
0.03387668
0.001645478
0.03481360
0.00423308
0.008698855
0.001886049
0.02271670
-0.03586707
0.01208776
-0.005490961
-0.001645125
-0.005796716
-0.01790102
0.01207051
0.02578073
-0.005064454
0.002734577
0.001228124
-0.001865524
-0.01410347
0.006434295
-0.003770379
0.01931022
0.006283663
-0.01231153
0.01541624
-0.001758523
0.02147162
0.008358923
-0.00829309
-0.01394313
0.01767752
0.003273897
-0.001002856
-0.0006764055
0.01492678
-0.003802593
0.008425899
-0.005118009
-0.01010880
0.01417744
0.01245678
-0.002977628
-0.003210071
0.00783694
-0.002506651
-0.02523364
-0.001130128
0.00400402
0.009109151
0.001447652
0.01937770
0.00182706
-0.003762762
0.01458293
0.003532603
0.004704532
0.01499671
0.003946615
-0.002406594
-0.01204889
0.009088329
0.01275291
0.001032069
-0.009964252
0.0221381
0.0009098102
-0.001553110
-0.01535353
0.00099478
-0.01421132
0.001842155
-0.008301175
0.01070816
-0.009785811
-0.001763452
0.007992602
0.01156855
-0.008133617
0.01881349
0.003399166
-0.005601865
-0.01357189
0.009502598
0.005714301
-0.003432657
-0.006347445
-0.01251142
0.01173655
-0.01472554
0.009466696
0.0005058886
-0.007116023
0.01725051
-0.002165197
-0.007291804
-0.001811036
0.002851655
-0.01031240
0.002720369
-0.01782132
0.001676550
0.007253277
0.00355586
0.003064072
0.009903985
-0.006402032
0.006563578
0.0001615199
0.009113763
0.002607277
-0.002047288
0.00296471
-0.01022886
0.0006543284
0.003034507
6.019503e-05
0.006051138
0.005142115
0.01377362
0.004179163
0.001655114
-0.006421539
0.009985324
-0.008244118
-0.01204484
0.005425842
0.002171938
-0.003757184
0.01419699
-0.003259883
0.01317828
-0.003160108
-0.01309316
0.006053093
-0.01928033
-0.006071616
-0.006419637
0.009713418
-0.01059659
0.02209415
0.001981889
0.009375267
0.004360050
0.004726089
-0.005277312
0.004776826
-0.0006452265
0.006998171
0.003943046
-0.002595124
0.003157149
-0.01029018
0.005143965
0.001291427
-0.01509379
0.003304058
-0.004712325
0.002155299
0.01507305
0.001260204
-0.001116919
0.003594502
0.007877826
-0.00546333
-0.001368132
0.005915102
-0.004584948
-0.005808655
-0.0005158382
0.01136300
-0.0001133712
-0.00764434
-0.006418421
-0.009125187
0.007984286
-0.008467892
0.001575694
0.01609724
0.001718923
0.004317493
-0.0002362223
0.01120144
-0.003276022
-0.001773524
0.004675686
-0.00771393
0.007321227
-0.008565524
-0.001066425
0.01141657
0.002731491
-0.005695148
0.006616391
0.001254874
0.01172866
-0.0004775374
0.003923731
0.002814124
-0.00180817
0.001689552
0.01232462
0.0001442013
0.002052612
-0.003098543
0.01231916
0.001291248
0.002364446
0.004950746
-0.008927284
0.004775274
-0.005345918
0.008260326
0.001352445
0.00684898
-0.000930396
0.0077415
-0.003211789
-0.002091456
0.01203365
-0.00984604
-0.01370300
0.004976608
-0.002631069
0.003644567
0.0006780288
-0.008406494
0.001835831
0.01247732
-0.002584807
0.00501456
0.01061096
-0.00489206
-0.005483233
0.009709995
-0.004478505
-0.004141153
-0.002575105
-0.002730736
-0.001666609
0.004012692
0.001083641
2.620259e-05
0.009587584
-0.005960791
0.001678166
0.00333059
0.001721655
-0.008385247
-0.005787286
-0.01474102
-0.01534098
0.01238259
-0.01445379
0.005606757
0.01168086
-0.001273335
-0.01123617
-0.01304220
-0.001324594
-0.002397863
0.01623288
-0.001019281
0.01292088
0.004027621
-0.0007012218
0.005278132
0.008478577
0.007642749
-0.002096811
-0.006667594
-0.001061473
0.005147701
-0.01385736
-0.001125084
0.0005937058
0.005098423
0.001065877
-0.01567932
0.005298286
0.01399304
0.0005875827
-0.004454937
0.002269490
-0.01389083
-0.007619766
-0.005933774
0.00916048
0.00184172
0.001767006
-0.00674566
-0.01382050
-0.01059567
0.00763324
0.001669153
-0.0007658225
-0.0006751394
-0.01064328
0.006793586
-0.002577782
0.0004683475
0.004004129
0.001690293
0.01597527
0.001696597
0.005670298
-0.000535246
0.0004638964
0.003374606
-0.00744997
0.005234164
0.01583827
0.001542101
-0.009544785
0.004533035
-0.009886187
0.005954033
0.001368309
-0.001332975
0.002620124
-0.004167188
0.003629608
0.008470647
-0.002985064
-0.005467953
-0.0009524734
0.002511512
0.004075472
-0.01048569
-0.003158383
-0.008181738
0.001897483
-0.00827861
0.003330456
0.001382927
0.0007086823
-0.003296494
-0.004309885
-0.00480056
-0.0004449914
0.007033072
-0.01343009
0.002702310
-0.009747952
-0.00196289
0.009876623
0.0005387513
0.004563161
0.001171582
0.00443773
-0.006282003
-0.0009643729
-0.01645497
-0.01560178
0.001174156
0.01289041
-0.003016482
-0.01174383
0.001475543
0.01356276
0.002193379
0.01236648
-0.003604102
0.006503553
-0.002433879
0.0004653561
0.007968604
0.0001176444
0.002422206
-0.007811832
0.004620162
0.00151121
0.01115009
-0.004193667
0.006863777
-0.004495956
0.001888439
0.004941365
0.001689084
0.002227004
-0.007079676
0.002789825
0.00448481
-0.005642579
0.006306927
-0.01403588
-0.004680645
0.001577664
-0.005954039
0.005908997
0.004260949
-0.0001973643
0.01506653
0.003238233
-0.0006080233
0.006650497
-0.01003220
-0.007555112
0.00200309
-0.002270472
-0.007327285
-0.009346284
0.004440452
0.005238017
-0.009732854
0.0003896887
0.002560914
-0.009762909
-0.000858236
0.01476982
0.01279701
0.001811048
0.002445032
0.0002742501
4.422685e-05
0.01111826
0.01602728
0.00386625
-0.001098213
-0.0006955865
-0.001005591
0.009048209
0.009068414
-0.0003040566
-0.007104013
0.005523118
0.001361240
-0.01122409
0.005878411
-0.0002548658
0.004087003
0.0007528306
-0.003455844
-0.004038451
0.01484052
-0.0008733258
0.0007054378
-0.0007726483
-0.01113507
0.004864664
0.005421484
-0.001043227
0.00894973
0.003913313
0.001942635
-0.002083914
-0.00751648
0.0003767503
0.008999686
0.003411983
0.0004628673
-0.004314617
0.007128533
-7.416594e-05
8.240626e-05
-0.001344070
-0.00815249
-0.01174008
-0.00363439
0.003499706
-0.001432134
0.003416879
-0.006118237
0.003973532
-0.00866758
0.005986546
0.009628304
-0.009535443
-0.007813467
-0.006435446
-0.003534027
0.003996301
0.004832495
0.0004087507
-0.002719629
0.008424664
0.006867255
0.003173007
-0.002769527
0.01098251
-0.001089510
0.0004825251
-0.00861221
0.004202601
0.006901718
0.0006966792
0.003294350
0.0001817836
-0.00795495
0.0006993182
-0.01461202
0.005591688
0.00786286
0.009263741
-0.006434885
0.005642079
-0.0002726721
0.0003222408
0.009578342
0.002606818
-0.004810337
-0.01023731
0.001854106
-0.007612111
0.005608866
-0.00755229
-0.008114655
0.001799620
-0.0004706159
-0.004946438
-0.01024849
0.0006995871
-0.0009471192
0.002438506
-0.007625142
0.01367859
-0.0006943269
-0.006517947
0.002724519
0.004470826
0.002265945
0.005953175
-0.008379961
8.465931e-06
0.005529844
-0.01183135
-0.01005214
-0.01686182
0.002936295
0.00591625
-0.01334354
0.01954403
-0.006773177
0.00862499
-0.008876731
0.003942454
-0.01144559
0.01185195
0.004579548
-0.0008522251
0.01239307
-0.002572097
-0.001092160
0.006373974
-0.01076315
0.004184268
-0.01008389
-0.004590634
0.01003569
0.006933163
0.009968888
0.004645222
-0.001512377
0.003843673
0.0001758846
-0.003405929
0.006374544
0.000968119
-0.006091355
0.00895683
0.001720334
-0.006890804
0.001245023
-0.0002087883
-0.002165616
0.00522626
-0.002350941
0.002259342
0.002569937
0.002215318
0.003623522
0.004942512
-0.0007069288
-0.002049628
0.000222452
-0.01089214
-0.00765794
-0.0007387943
0.009096064
-0.001432486
-0.007126219
0.002607126
0.008793812
-0.008375293
0.002449005
0.01161139
0.006235368
0.002268958
0.000883255
0.002620634
0.001157096
-0.005545021
0.006708915
0.004747326
-0.006628135
0.005396808
-0.003776332
0.001731574
0.004562499
0.005587575
-0.007700107
0.0009475488
0.007074122
0.0007392052
-0.007400574
-0.007667728
-0.002686209
0.006722345
-0.001828890
0.007037087
-0.006012497
0.002824379
-0.01184584
0.000737832
-0.001000303
0.0005658683
0.001654762
-0.003394392
-0.006592036
0.002295662
-0.00601457
0.005940333
-0.003197438
0.009815868
0.001031975
-0.002926699
0.01253989
0.002405103
-0.003800607
0.007933244
-0.0007413257
-0.007573587
-0.003286747
0.0004643793
0.008257538
-0.00558138
-0.007894477
-0.009162981
0.003645635
0.0005514608
0.0002797295
2.467826e-05
0.001011285
0.008827786
0.000920012
-0.001718584
-0.01001987
-0.01499908
-0.004104065
0.003694415
-0.007191951
-0.002074025
-0.006086662
-0.0007135213
0.008233912
0.002970545
-0.01010041
0.01484504
-0.01513367
0.001518629
0.01663784
-0.002370698
-0.004321760
-0.01053050
0.01641388
0.007150549
-0.003527311
0.00992761
0.004255151
0.0001639291
0.002185883
-0.003457036
0.001689051
0.008410849
0.003049871
-0.0007778066
-0.00385745
0.001788458
0.009369473
0.004391694
0.005257451
0.005071392
0.003466784
0.002083778
-0.008544184
1.590495e-05
-0.006382254
0.01208375
0.0003241427
-0.002366284
0.001274849
-0.005021688
-0.001217567
0.002806925
0.0008413367
0.005538296
0.004180829
-0.001415273
-0.002852350
-0.005856208
-0.0002381387
0.002513471
0.00421193
0.0004257366
-0.009599313
0.001296372
-0.00298497
-0.0048987
0.01629696
0.003666034
1.570512e-05
0.009355541
0.003649639
-0.0003566113
0.003475411
-0.006294009
0.001204506
-0.003563319
-0.003982887
0.005548265
-0.01849628
0.001845319
0.002402517
-0.001722272
0.007208985
0.007734003
0.001144454
-0.003983991
0.001857533
-0.00910201
-0.00537307
0.0007829027
-0.008127674
0.008625566
-0.001478594
0.002536779
-0.003265019
0.009982788
0.003498299
0.007301405
-0.001661091
-0.003275923
0.007485379
-0.003782276
0.001272689
0.003630667
-0.01045536
0.008227427
-0.001627668
-0.001482707
-0.006992845
-0.001863642
0.002027914
-0.004892784
0.007197572
0.002112608
0.01034248
0.004260726
0.001771235
0.001469812
-0.001661353
-0.00603312
0.00600247
-0.002585636
0.000982869
-0.001028965
-0.006458995
0.007441909
-0.002028320
-0.00414625
0.002267925
0.006237202
0.004301838
-0.001923224
-0.01039732
0.0008641576
-0.007781116
0.001204029
0.000776024
-0.002944320
0.01693315
0.002025058
0.001167320
-0.0001372610
-0.002420412
-0.004881516
0.002815337
0.003296206
0.0006793038
-0.004144054
0.006125898
-0.00388353
0.003152229
0.01024266
-0.0008300572
0.0003622915
-0.001729614
-0.01288073
-0.01130478
0.002521523
-0.001871197
-0.01698449
-0.006721639
0.004128381
-0.003922349
-0.004359485
0.001582411
0.01130589
0.00570302
-0.01597653
0.008079223
0.01222333
0.001950326
-0.01796008
-0.001138727
-0.00611113
0.001416025
-0.004485652
-0.01193713
-0.01117385
0.005175805
0.02101276
-0.003684655
-0.00915858
-8.063703e-06
0.009693855
-0.005284663
-0.0008834987
0.004857608
-0.00912544
0.00547241
0.02133577
-0.002099825
0.007834136
-0.007275325
0.00249117
-0.006772853
0.001468719
0.004008242
-0.01092847
-0.01305159
-0.004906243
-0.001384229
0.001917981
0.01838501
-0.008513607
-0.007102086
0.01648846
0.006300939
-0.0003783579
-0.00410808
0.01207844
-0.001479331
-0.004506245
0.005093543
0.002236403
-0.0007110403
-0.002810035
-0.003368342
-0.004358748
0.004618254
-0.003994412
0.001159786
0.01360352
0.007632708
0.001581235
0.00370801
-0.003677182
0.001001410
-0.004498794
0.002371527
-0.0007487023
0.005152368
0.001918606
0.0008353611
-0.001188108
0.005499415
0.001707148
-0.009940736
-0.004810593
0.003779498
0.0004772057
0.01030424
0.00385395
-0.001358969
0.002564551
0.001151149
-0.002683019
0.005706042
-0.005410102
-0.002468846
0.008776536
0.00749613
0.0001795775
0.001711849
-0.00226565
-0.003396862
0.002093472
0.01198833
0.002234208
-0.002686095
0.0007925193
0.002041360
-0.002567168
0.009495865
0.002045118
0.002515835
-0.003666157
0.001282122
0.0008489586
0.001199023
0.006133424
0.0002613999
0.003507758
0.004950755
-0.008487555
0.0004282702
7.257236e-06
-0.00737871
-0.000343674
-0.00222577
0.01128259
0.002215289
0.002080505
-0.005347239
0.001862839
0.002545819
0.006336335
0.002401616
0.002281563
0.001028219
-0.0004996966
0.001648052
0.002335435
-0.003662225
-0.01364780
0.003438465
0.009159493
0.0008213963
-0.002802664
0.008845925
0.003994509
-0.001315576
-0.003978461
0.001810354
0.002267189
-0.001047936
0.001168237
0.008651902
0.001121792
-0.003235579
0.002155877
-0.001418002
-0.003680731
-0.005330405
0.00434282
0.006990822
-0.001479887
-0.004523351
-0.001199337
0.001227539
-0.006103164
0.002217854
-0.0005168233
0.001938479
0.006319882
0.004841403
0.0008174302
-0.000894317
-0.002975161
0.002891278
-0.005291852
0.003535680
0.008465526
-0.01133380
-0.001208680
-0.001097510
0.005755533
0.006571215
0.005339485
0.001692966
-0.000967058
0.0006977572
0.001394055
-0.00117999
-0.007102376
-0.003266668
0.007568765
0.007614985
0.001037049
-0.000872148
0.002840268
-0.001405405
-0.0008579244
-0.003569995
-0.001254930
-0.03534269
0.005545551
-0.002597875
-0.01146826
-0.009452174
0.01537475
-0.002468269
0.007101316
0.0006774271
0.002676692
-0.02057856
0.006668813
0.003676991
-0.003835599
0.01083549
0.006313565
0.01693657
-0.0003484831
0.001093829
0.0009674243
-0.00620355
-0.007997681
0.003732714
-0.001174654
0.002593652
0.009237328
0.001112216
0.003045304
0.0005885673
0.002613206
-0.006594511
0.00618708
0.003481982
0.01059856
0.002142996
0.0006929395
-0.001202760
0.00921809
-0.002306697
-0.0003511924
0.01008803
-0.0007826951
-0.0001204690
-0.007861781
0.002647652
0.006451592
0.004315771
0.0021476
0.002560447
-0.001166645
0.003218226
-0.01405459
0.009595312
-0.001794617
-0.001304779
0.008589494
-0.0009184345
0.006588724
0.001542071
-0.0006427874
-0.001207983
-0.009749928
0.005437888
0.001568969
0.00795191
0.0002548312
0.003730082
0.001846843
-0.005361349
-0.008903294
-0.01772594
0.01130619
0.0009612867
-0.01073918
0.01507007
0.00480479
0.006505514
-0.001214115
0.001729342
-0.01369444
0.006161408
-0.01297977
-0.003213015
-0.003243467
0.008969029
-0.0004183198
-0.001568596
0.01063931
0.003573896
0.0003475102
0.003298605
0.0009208795
-0.01428704
0.005705095
0.01887575
0.003096577
-0.001921329
-9.680886e-05
-0.002067491
0.004459151
-0.01229617
0.004857488
-0.02000322
0.00465481
-0.02361519
-0.01612077
0.01020173
-0.01272728
0.00721654
0.00434989
-0.02694586
0.02386409
0.006140531
0.01397373
-0.03009805
0.0003784321
-0.000495431
-0.01832339
-0.01400540
0.003243472
0.02426962
-0.0002697571
0.001085502
0.01164485
-0.001072928
0.01146902
-0.008539982
-0.02375291
0.02168503
-0.004189778
0.01115432
0.01041377
-0.01156777
0.004242866
-0.01705304
-0.001273557
0.01354021
4.75697e-05
0.008384389
0.0002021427
-0.005133586
0.02878958
0.00606796
-0.006745919
0.004598464
-0.005270295
-0.0003426756
0.00539666
0.003899508
-0.003027997
0.01320213
-0.0002650574
-0.004562223
0.002108727
0.009514881
-0.003221692
0.008063603
-0.001713764
-0.00517185
0.00474295
-0.008416676
-0.006594911
0.001759872
-0.0007529241
-0.02594934
0.003791209
0.008764333
-0.002444433
-0.0009768075
0.01369345
0.003705803
-0.006484398
0.01192067
-0.02677885
0.0008018317
-0.004967107
0.01197722
-0.02980971
-0.000576195
-0.01439001
-0.01003852
0.02867779
-0.007094415
-0.01330054
0.005216704
-0.01761450
0.004476212
-0.01605513
0.01674947
-0.02351298
0.01481979
0.02815960
0.0004763947
0.007740155
-0.005904756
-0.006561735
0.01507594
0.01492500
-0.001779549
0.007481943
-0.02559591
0.006031919
0.001223530
-0.01384157
-0.01513490
0.00626019
-0.001361770
0.00488824
0.01653245
0.008044567
0.0008082536
-0.01438525
0.001502660
-0.006875165
-0.01454312
0
-0.02485795
0.003218041
-0.01852268
0.01353206
0.007916746
-0.01368870
0.01081199
-0.02524087
-0.005627886
-0.02952421
-0.006063725
-0.01114710
0.02121555
0.01001246
-0.01599927
0.01739615
0.006140816
-0.004775386
0.01663316
0.01216322
-0.01051792
-0.03251852
-0.007652802
0.00785478
-0.004212584
0.005871752
0.007239642
0.01351238
-0.01351238
0.0008373938
-0.0008967049
0.008306278
-0.01295086
0.007849753
0.0137181
0.006894099
-0.0009198533
-0.008982118
-0.02746336
0.0005334395
-0.003453611
0.005224692
-0.02225987
-0.00844595
-0.01558429
0.03645711
-0.009036275
0.005113853
-0.0210023
-0.008999024
0.04153488
-0.02458704
0.02366231
0.01520525
0.002301259
-0.008804416
-0.01152666
-0.007981928
0.00567115
0.03526702
-0.001935925
0.001300770
0.0007957047
0.00156037
-0.005113083
-0.008124955
0.00446403
-0.02058453
-0.003389515
0.004589249
0.02243772
0.000622649
0.01797653
-0.001554796
-0.008849199
0.002895639
0.006421692
0.006473722
-0.001052176
-0.003896235
-0.003853736
0.01699547
0.003230334
-0.004543867
0.007622792
-0.01827981
0.003662758
-0.006748148
0.01096054
-0.0003848045
0.003997587
0.01052890
0.001249597
0.000897622
-0.00931687
-0.01618374
0.002613949
-0.01329849
0.006822949
0.003955066
0.005320725
0.001515022
-0.01055985
-0.005804628
-0.0003266966
0.01930847
-0.03137634
0.000793406
-0.002440998
-0.01703872
0.003274329
0.01493416
8.08773e-05
-0.006794391
-0.009759296
0.003745379
-0.01871700
5.311218e-05
-0.00281884
0.005826452
-0.02980506
-0.003724341
0.001266427
0.003828599
-0.01837133
0.001093321
-0.008420818
0.01693620
-0.02303955
0.006965378
-0.01115188
-0.009068905
-0.0109611
0.02475464
0.01194101
0.0002856010
-0.000539537
0.01340186
0.004055976
-0.02339606
0.004158871
-0.01877164
0.02308747
0.01653449
-0.0132309
-0.005594055
-0.009006485
0.02831409
0.003348785
-0.0180965
0.02361187
0.00691874
-0.01212388
-0.002919914
0.005506536
0.004067729
-0.01521296
-0.00935853
0.00617813
0.002491910
0.01126895
-0.01982058
0.00367956
0.007950942
0.01473109
-0.01381863
-0.004100911
-0.002037171
-0.03037884
0.004420895
0.02030268
-0.03473446
0.006130568
0.01371193
0.002119365
-0.04828298
0.01737150
-0.04828807
0.04242881
0.03946742
-0.03898681
-0.01575612
-0.001979707
0.01946576
0.00337675
-0.09218962
0.05275821
-0.004554407
-0.04112492
-0.01359852
-0.0392793
-0.05910776
-0.01139743
-0.07922404
-0.01182896
0.1095720
-0.005336384
-0.09469514
0.04162886
-0.006232201
0.04658284
-0.03128395
-0.06295313
0.01255495
-0.03512082
-0.03227975
0.1024573
-0.01114093
0.02547665
0.01524857
-0.002532236
0.04001447
-0.05411528
-0.05157119
0.0284462
-0.01273393
-0.02228719
-0.05328884
0.0669226
-0.04259349
-0.02614938
0.009790296
-0.06310552
-0.06948183
0.06132797
0.06271427
0.006529394
0.03471843
0.009596917
-0.09353656
0.03916369
0.02550806
-0.02974648
0.03584905
0.03766888
-0.02338891
0.011824
-0.02893880
0.007003884
-0.01276686
0.05008483
-0.00963916
-0.02138988
0.002932620
-0.01847158
-0.009764948
0.005764437
0.005341924
-0.003880112
0.02411398
0.01405906
0.03111883
-0.004679315
0.007786738
-0.03046913
0.003391364
-0.02153321
-0.02282263
0.001756552
-0.03403248
0.001328305
0.007533126
-0.05426198
0.04257203
-0.01527846
0.005363236
0.005537856
0.01086631
0.03300683
-0.03368105
-0.02305281
-0.000532907
0.01570993
-0.007517662
0.01623319
0.02654068
0.001484047
-0.05036862
0.007923456
0.001737641
-0.01004804
-0.04662945
-0.0009508175
-0.01209692
-0.01147857
-0.03531536
0.03932005
-0.01071504
-0.01590567
-0.0238465
-0.04774186
-0.006427392
0.02347539
-0.04346329
0.001215289
-0.01007428
0.06171871
0.002442817
0.03992107
0.007709238
-0.003522156
0.03163429
0.02064342
-0.01306413
-0.01996743
0.06836638
-0.02062638
0.00958032
0.02305263
-0.02052474
-0.03543936
0.01304421
0.01642102
0.02832224
0.009684728
-0.008367252
-0.02414368
0.01171457
0.03734706
0.002530186
-0.02026854
0.01247093
0.01541932
0.004957068
-0.04373225
0.02102938
-0.007711286
0.009873449
0.01665784
-0.01011762
-0.002744255
0.02137981
-0.0009504997
0.005381855
0.03330728
-0.003798927
0.01725457
-0.01329032
0.02378394
-0.0217472
-0.0009793188
-0.02726321
0.01029840
-0.01147567
0.02993658
-0.001738327
-0.005144635
-0.01689961
-0.001498313
0.02596219
-0.01915340
0.01530123
0.01348345
0.02548996
0.001981342
-0.01383449
0.01141821
-0.002517863
-0.001011052
0.003497083
-0.003486435
0.006093308
0.001396013
-0.02405554
-0.0128019
-0.001382580
0.008375844
0.003109374
-0.03107836
0.002304071
0.006503219
0.02121758
-0.001478936
0.009024344
-0.00856738
0.004352434
-0.02957765
0.002562476
-0.01987985
-0.001669895
0.003540952
-0.004029952
0.02462797
0.00530194
0.02919947
0.008604637
-0.0003827507
0.01136670
0.003620702
-0.0005344092
0.02302263
0.003037511
0.002977407
-0.002609850
-0.004573436
0.01182541
0.0007395289
0.01522558
0.003007551
-0.002917791
-0.005640579
0.01334974
-0.003350552
-0.01274094
0.01145921
0.006856468
-0.008567996
-0.02455991
0.01009453
0.006837444
0.01088925
0.01845147
-0.0005458888
0.002366611
0.0001167247
0.002777914
-0.001990379
-0.008109142
-0.02237221
-0.003301906
0.008498592
0.01303221
0.008806056
0.007752278
0.01036827
-0.001351306
0.006319121
0.003130399
0.01520730
-0.003064311
0.002633813
-0.003413101
0.006553349
-0.01011952
-0.00955658
-0.006109338
0.01765288
-0.00223207
-0.003333824
-0.02609723
-0.004515691
0.01476545
0.01361241
0.002707950
0.007442123
0.005624801
0.004376823
-0.002791504
0.01739367
0.004148815
-0.00813102
0.009361385
-0.006258672
-0.008893203
0.01058737
-0.01225326
-0.01178649
-0.003323385
-0.01973436
0.02227014
-0.02846599
0.006435592
0.002423036
0.00104211
0.01905288
0.002500083
0.02199517
-6.404128e-05
0.005019358
-0.01031234
0.005722896
0.01436391
0.0009190763
-0.0004684432
-0.01351678
-0.003220084
0.01352393
-0.0005334804
0.004494025
-0.01738369
0.003785805
0.01200292
0.0003426356
-0.008437646
0.00549437
-0.002471451
-0.01030444
0.003665636
0.005822698
0.003676275
0.00693534
-0.00556247
0.001127594
-0.01188083
0.005812939
0.01044891
0.00355724
0.002296069
0.005242394
0.001153372
-0.001401965
0.0001953281
-0.01010037
0.01591607
0.003110806
0.0005453762
0.003993283
0.002877549
0.001745232
-0.009425438
0.008291384
0.002423567
-0.01088219
0.01242219
-0.01065444
-0.01912661
-0.02238981
0.004587541
-0.004212071
0.004868323
-0.01188815
-0.009877767
0.01416535
0.01288952
-0.005489426
-0.03163582
0.002892972
-0.008902849
0.01295581
-0.002235056
0.009633914
-0.002748402
0.01784067
0.004228991
0.006563167
0.002184195
-0.001046374
-0.01217661
0.009673506
-0.002083164
0.001404348
0.01010728
0.002327644
0.000429127
0.003729217
0.0139103
-0.0001756543
0.001711315
0.004514325
0.00403337
-0.0002173696
0.0004520756
0.007749057
0.005804795
-0.0003258949
-0.005099485
0.00508233
0.00714539
-0.005508385
-0.001705629
0.0007374632
0.005667142
4.261684e-05
-0.003278272
0.00738652
0.007896758
0.001682879
-0.005894051
0.003368670
0.006661623
0.001765063
0.000685109
0.01108838
0.0008421679
-0.01625795
0.004511129
0.008026026
-0.001019431
0.002261236
0.00709828
-0.004305721
-0.02365957
0.006441938
0.01286014
-0.01678774
0.0130352
-0.02412717
-0.006608358
-0.03288847
-0.01542663
0.04303473
-0.003403127
0.01364599
-0.01221941
-0.01897908
0.001108852
-0.01429773
-0.005143469
-0.03975572
0.01491265
-0.01299212
0.0003538702
-0.005677006
0.03234721
-0.01245187
-0.01731429
0.02551439
0.004043236
-0.03501749
-0.01362443
0.01091624
-0.005959341
0.02907982
0.004370107
-0.001806321
0.02322247
-0.0005560937
0.001282138
0.001316290
-0.003864245
-0.01620132
-0.002989922
-0.01694619
0.002855218
-0.002035951
-0.03150827
-0.01016443
-0.003245746
-0.004673293
0.005344686
0.03085006
0.009368673
0.0071781
0.0007325974
0.01526185
-0.000155215
0.001195446
-0.02924293
0.005964074
0.01135189
-0.01290269
0.02226362
0.00818643
0.01113793
-0.001049869
-0.006946068
-0.004167314
6.354596e-05
0.02178352
-0.004807873
0.006032852
-0.001269391
-0.003710877
0.005468066
-0.005985299
-0.02858333
-0.00539328
-0.004031704
0.0001204468
0.01211846
0.001481685
-0.01708041
-0.003669695
-0.004048532
-0.01461878
0.003283982
-0.00771448
0.01645071
-0.01482869
0.0003908019
0.02907766
0.009039912
0.01313236
-0.01153745
0.006418033
0.004820599
0.00485155
0.01106915
-0.0007133304
0.00353491
-0.0003644882
0.0008265749
0.01509529
-0.002567373
-0.004837173
-0.008366175
0.02097284
-0.005683545
0.004838733
-0.002591138
-0.003088461
0.00440668
-0.00806742
0.02064675
-0.0006722052
-0.001647951
0.006103643
0.0001458933
0.003811421
0.007095823
-0.003648103
0.002025533
0.007217618
-0.01600470
0.01046907
0.001772366
0.002386454
0.002144637
1.686867e-05
-0.002694156
0.001124151
-0.0004393673
0.0009460898
0.007729385
0.003671294
0.01909922
0.003915147
-0.002123230
-0.008084915
0.004366586
-0.004251214
-0.01187870
-0.00121821
-0.01633813
0.0002121404
0.01524060
0.002537119
-0.001576597
-0.01438704
0.01481272
-0.007496632
-0.001379798
-0.006088749
0.02138671
0.01273703
0.00259991
-0.00129911
0.0005149436
0.003694902
0.003835407
0.005983684
4.837032e-05
0.0009105377
-0.005135629
0.006166034
0.000836423
0.002545174
0.006011978
0.003373865
-0.001645724
0.0006124941
0.0007710499
0.001008621
-0.001509338
-0.0001908154
