date rtn
20010102       0.014118
20010103       0.084687
20010104      -0.038503
20010105      -0.040044
20010108       0.000000
20010109      -0.022016
20010110      -0.020142
20010111       0.004837
20010112       0.019254
20010116       0.033058
20010117      -0.013714
20010118      -0.016222
20010119      -0.042403
20010122       0.034440
20010123       0.015458
20010124       0.002342
20010125       0.009346
20010126      -0.006944
20010129       0.010723
20010130      -0.007934
20010131       0.056351
20010201      -0.019366
20010202      -0.016876
20010205      -0.016801
20010206      -0.011887
20010207       0.027444
20010208      -0.043176
20010209      -0.036329
20010212       0.060516
20010213       0.012161
20010214      -0.020333
20010215      -0.018868
20010216       0.006923
20010220       0.019863
20010221      -0.059738
20010222      -0.010157
20010223       0.011670
20010226       0.015712
20010227      -0.001566
20010228      -0.017651
20010301      -0.034937
20010302       0.011998
20010305      -0.011243
20010306       0.024395
20010307       0.023209
20010308       0.018738
20010309      -0.016844
20010312      -0.048641
20010313       0.010143
20010314      -0.032787
20010315       0.013771
20010316      -0.019227
20010319       0.009589
20010320       0.010553
20010321       0.010443
20010322      -0.028980
20010323       0.014069
20010326       0.042674
20010327       0.013911
20010328      -0.012527
20010329       0.019331
20010330      -0.002371
20010402       0.002772
20010403      -0.028634
20010404       0.013824
20010405       0.013435
20010406       0.013850
20010409      -0.018345
20010410       0.010736
20010411      -0.011998
20010412      -0.010551
20010416      -0.013079
20010417       0.003874
20010418       0.070877
20010419      -0.004362
20010420      -0.015048
20010423       0.006382
20010424      -0.037279
20010425       0.011377
20010426       0.011249
20010427       0.031030
20010430      -0.020632
20010501       0.034016
20010502      -0.007850
20010503       0.000377
20010504      -0.001507
20010507      -0.018295
20010508      -0.001345
20010509      -0.007503
20010510       0.035472
20010511       0.012729
20010514       0.004621
20010515      -0.043238
20010516      -0.006731
20010517       0.002130
20010518       0.005410
20010521       0.022291
20010522       0.006015
20010523      -0.018685
20010524       0.007045
20010525      -0.031953
20010529       0.000195
20010530       0.005077
20010531       0.005440
20010601      -0.000580
20010604      -0.014114
20010605       0.006080
20010606      -0.010721
20010607       0.006897
20010608      -0.001566
20010611      -0.015484
20010612       0.006769
20010613      -0.008305
20010614      -0.012961
20010615      -0.027273
20010618       0.007684
20010619       0.007007
20010620       0.020671
20010621       0.013052
20010622      -0.009316
20010625      -0.019608
20010626       0.002041
20010627      -0.012220
20010628       0.017938
20010629      -0.011545
20010702       0.019467
20010703      -0.010653
20010705      -0.012597
20010706      -0.025926
20010709       0.019223
20010710      -0.015544
20010711       0.028421
20010712       0.061412
20010713       0.020251
20010716       0.010964
20010717      -0.002431
20010718       0.011809
20010719       0.004631
20010720       0.000922
20010723      -0.023029
20010724       0.001320
20010725       0.037665
20010726       0.007260
20010727      -0.001622
20010730       0.008482
20010731       0.000358
20010801      -0.015921
20010802       0.017815
20010803      -0.010716
20010806      -0.016068
20010807       0.010642
20010808      -0.009986
20010809      -0.006602
20010810      -0.010522
20010813      -0.026119
20010814       0.003065
20010815      -0.006875
20010816      -0.005962
20010817      -0.017218
20010820       0.015551
20010821      -0.031983
20010822       0.006007
20010823      -0.009952
20010824       0.024326
20010827      -0.010991
20010828      -0.005755
20010829      -0.018962
20010830      -0.031536
20010831       0.009454
20010904       0.008325
20010905       0.014448
20010906      -0.036216
20010907      -0.024277
20010910       0.000216
20010917      -0.048237
20010918       0.030682
20010919       0.003749
20010920      -0.003080
20010921      -0.014346
20010924       0.058665
20010925       0.023689
20010926       0.022314
20010927      -0.001819
20010928       0.002227
20011001       0.005252
20011002       0.045016
20011003       0.014038
20011004      -0.023326
20011005       0.017476
20011008      -0.024618
20011009       0.018979
20011010       0.029762
20011011      -0.002610
20011012      -0.011030
20011015       0.010964
20011016      -0.006358
20011017      -0.017313
20011018      -0.006128
20011019       0.021387
20011022       0.000566
20011023      -0.008107
20011024      -0.002471
20011025       0.015625
20011026       0.002251
20011029      -0.028454
20011030      -0.025048
20011031       0.015810
20011101       0.016342
20011102       0.013974
20011105       0.017557
20011106       0.019295
20011107      -0.020386
20011108       0.012635
20011109       0.011009
20011112       0.008711
20011113      -0.010435
20011114       0.005091
20011115       0.013025
20011116      -0.016071
20011119       0.011797
20011120      -0.000897
20011121      -0.010413
20011123       0.012337
20011126      -0.000896
20011127      -0.012018
20011128      -0.001452
20011129      -0.006364
20011130       0.009149
20011203      -0.010335
20011204       0.010810
20011205       0.025376
20011206      -0.016793
20011207      -0.005034
20011210      -0.019335
20011211      -0.003501
20011212       0.004623
20011213      -0.017854
20011214       0.013118
20011217       0.033111
20011218      -0.001253
20011219       0.010219
20011220      -0.000355
20011221       0.023285
20011224      -0.007643
20011226       0.017854
20011227       0.003783
20011228      -0.000343
20011231      -0.013710
20020102       0.008688
20020103      -0.001206
20020104      -0.006554
20020107      -0.003646
20020108       0.007841
20020109      -0.024896
20020110       0.010638
20020111      -0.021053
20020114      -0.000717
20020115       0.019907
20020116      -0.015474
20020117       0.013752
20020118      -0.007223
20020122       0.029459
20020123       0.031891
20020124      -0.003174
20020125      -0.021284
20020128       0.003938
20020129      -0.012280
20020130       0.031773
20020131       0.003849
20020201      -0.012004
20020204      -0.006075
20020205      -0.001698
20020206       0.001361
20020207      -0.008322
20020208       0.013016
20020211       0.018597
20020212      -0.002490
20020213       0.000333
20020214       0.006154
20020215      -0.007605
20020219      -0.012327
20020220       0.012312
20020221      -0.007831
20020222       0.006717
20020225       0.011676
20020226       0.023908
20020227       0.002415
20020228      -0.003855
20020301       0.012901
20020304       0.002707
20020305      -0.035249
20020306       0.002304
20020307       0.013136
20020308       0.013290
20020311       0.000160
20020312      -0.004798
20020313      -0.003857
20020314       0.004517
20020315       0.023767
20020318      -0.003137
20020319      -0.001416
20020320      -0.003230
20020321      -0.015511
20020322      -0.002412
20020325      -0.012409
20020326       0.014523
20020327      -0.002734
20020328      -0.011290
20020401      -0.028385
20020402      -0.010578
20020403      -0.005600
20020404       0.011604
20020405      -0.002362
20020408       0.010822
20020409       0.005353
20020410       0.007820
20020411      -0.006604
20020412       0.017617
20020415      -0.021231
20020416       0.001168
20020417      -0.011833
20020418      -0.019228
20020419       0.013414
20020422      -0.023418
20020423       0.008688
20020424      -0.010336
20020425      -0.007833
20020426      -0.021053
20020429       0.007168
20020430      -0.006050
20020501       0.016828
20020502      -0.002641
20020503      -0.024713
20020506      -0.022805
20020507       0.018892
20020508       0.025086
20020509      -0.024827
20020510      -0.024186
20020513       0.025718
20020514       0.042696
20020515      -0.010803
20020516       0.027832
20020517      -0.000343
20020520      -0.009086
20020521      -0.020761
20020522       0.003534
20020523      -0.008627
20020524      -0.014029
20020528      -0.013148
20020529      -0.004745
20020530      -0.009903
20020531       0.002037
20020603      -0.017560
20020604       0.015992
20020605       0.017778
20020606      -0.015648
20020607       0.006100
20020610       0.036193
20020611       0.000887
20020612       0.032772
20020613      -0.030875
20020614       0.007965
20020617       0.023881
20020618       0.004116
20020619      -0.018190
20020620      -0.015851
20020621      -0.026903
20020624       0.014005
20020625      -0.011659
20020626       0.009437
20020627       0.037397
20020628      -0.046620
20020701      -0.011089
20020702      -0.018015
20020703       0.030326
20020705       0.017442
20020708      -0.007143
20020709      -0.017086
20020710      -0.016286
20020711       0.007813
20020712      -0.024548
20020715       0.011164
20020716      -0.066617
20020717      -0.032678
20020718      -0.017409
20020719      -0.019194
20020722      -0.040860
20020723       0.011211
20020724       0.062971
20020725      -0.019608
20020726       0.025106
20020729       0.028020
20020730      -0.008278
20020731       0.001222
20020801      -0.036194
20020802      -0.027426
20020805      -0.010846
20020806       0.036842
20020807       0.023266
20020808       0.016742
20020809       0.000203
20020812      -0.016057
20020813       0.006197
20020814       0.080271
20020815       0.039719
20020816      -0.016816
20020819       0.016732
20020820      -0.016639
20020821       0.005764
20020822       0.002958
20020823      -0.019539
20020826       0.003948
20020827      -0.005243
20020828       0.005271
20020829      -0.003745
20020830       0.005263
20020903      -0.030105
20020904       0.009061
20020905      -0.026748
20020906       0.036121
20020909       0.009473
20020910       0.028153
20020911      -0.010588
20020912      -0.019926
20020913       0.024096
20020916       0.006434
20020917      -0.008950
20020918       0.003594
20020919      -0.012505
20020920       0.018622
20020923      -0.038391
20020924      -0.021103
20020925       0.010682
20020926       0.032091
20020927      -0.045988
20020930      -0.039032
20021001       0.050162
20021002      -0.007542
20021003      -0.004287
20021004       0.012720
20021007      -0.027053
20021008       0.044687
20021009      -0.035361
20021010       0.017737
20021011       0.042409
20021014       0.005945
20021015       0.039520
20021016       0.008350
20021017      -0.025194
20021018       0.017170
20021021       0.002132
20021022      -0.005319
20021023       0.020143
20021024      -0.013280
20021025       0.015229
20021028      -0.021978
20021029       0.007134
20021030      -0.047282
20021031      -0.004647
20021101       0.018674
20021104      -0.020165
20021105       0.018148
20021106      -0.001470
20021107      -0.006257
20021108       0.000556
20021111      -0.019063
20021112       0.016038
20021113       0.020984
20021114       0.010731
20021115      -0.001440
20021118      -0.032619
20021119      -0.014158
20021120       0.027967
20021121      -0.008272
20021122      -0.003522
20021125       0.001116
20021126      -0.010777
20021127       0.030053
20021129      -0.017141
20021202       0.008905
20021203      -0.008275
20021204       0.009457
20021205      -0.026084
20021206       0.000377
20021209      -0.022436
20021210       0.012343
20021211      -0.009335
20021212      -0.011923
20021213      -0.016349
20021216       0.027701
20021217      -0.019253
20021218      -0.009521
20021219      -0.004367
20021220       0.012560
20021223      -0.023627
20021224       0.002218
20021226       0.001207
20021227      -0.012058
20021230       0.030106
20021231      -0.002567
20030102       0.021580
20030103      -0.031008
20030106       0.003800
20030107       0.005380
20030108      -0.009314
20030109       0.038608
20030110      -0.005778
20030113      -0.006587
20030114       0.002535
20030115      -0.015950
20030116      -0.005732
20030117      -0.006561
20030121      -0.019212
20030122      -0.019180
20030123       0.010401
20030124      -0.026148
20030127      -0.004228
20030128       0.022930
20030129      -0.001660
20030130      -0.011019
20030131       0.004835
20030203       0.005649
20030204      -0.019139
20030205      -0.008696
20030206       0.001070
20030207       0.000000
20030210       0.004916
20030211       0.004892
20030212       0.012698
20030213      -0.004389
20030214       0.031696
20030218      -0.001424
20030219      -0.006316
20030220      -0.014148
20030221       0.017055
20030224      -0.025767
20030225       0.016583
20030226      -0.012389
20030227       0.006899
20030228      -0.002076
20030303      -0.005618
20030304      -0.018623
20030305       0.020896
20030306      -0.010025
20030307       0.015190
20030310      -0.020574
20030311      -0.007002
20030312       0.014957
20030313       0.043158
20030314      -0.003834
20030317       0.052877
20030318       0.005388
20030319       0.017033
20030320       0.001131
20030321       0.029373
20030324      -0.039327
20030325       0.018088
20030326      -0.002618
20030327       0.003938
20030328      -0.007658
20030331      -0.020704
20030401       0.007496
20030402       0.031477
20030403      -0.000370
20030404       0.010176
20030407      -0.005128
20030408       0.004418
20030409      -0.015762
20030410       0.016387
20030411      -0.029315
20030414       0.022461
20030415       0.020676
20030416      -0.013565
20030417       0.015952
20030421      -0.007760
20030422       0.018370
20030423      -0.000179
20030424      -0.015541
20030425      -0.001996
20030428       0.019818
20030429       0.008736
20030430      -0.004595
20030501      -0.006747
20030502       0.003754
20030505      -0.010151
20030506       0.005937
20030507      -0.014845
20030508      -0.001271
20030509       0.014361
20030512       0.016129
20030513      -0.021340
20030514      -0.028654
20030515      -0.002597
20030516      -0.015625
20030519      -0.008503
20030520       0.006480
20030521      -0.004166
20030522       0.005895
20030523      -0.017013
20030527       0.009615
20030528       0.016190
20030529      -0.010122
20030530      -0.003787
20030602      -0.002851
20030603       0.007434
20030604       0.019111
20030605       0.014111
20030606      -0.014647
20030609      -0.000557
20030610       0.018033
20030611       0.011505
20030612      -0.006499
20030613      -0.017263
20030616       0.021635
20030617      -0.003439
20030618       0.004904
20030619      -0.013577
20030620      -0.004221
20030623      -0.009583
20030624       0.017492
20030625      -0.009144
20030626       0.003876
20030627      -0.010848
20030630      -0.002416
20030701       0.012670
20030702       0.025391
20030703      -0.013817
20030707       0.028930
20030708       0.002653
20030709      -0.016579
20030710      -0.002331
20030711       0.016178
20030714       0.002123
20030715       0.011827
20030716      -0.011689
20030717      -0.015004
20030718       0.021505
20030721      -0.018246
20030722       0.016798
20030723      -0.007030
20030724      -0.015398
20030725       0.010066
20030728      -0.000534
20030729      -0.011930
20030730       0.007389
20030731       0.000179
20030801      -0.011447
20030804       0.010132
20030805      -0.009493
20030806       0.007957
20030807       0.022605
20030808       0.013509
20030811      -0.001212
20030812       0.019064
20030813      -0.012415
20030814      -0.002411
20030815       0.002935
20030818       0.014114
20030819      -0.000679
20030820      -0.001698
20030821       0.006975
20030822      -0.013347
20030825       0.011986
20030826       0.000000
20030827       0.000169
20030828       0.003214
20030829      -0.002192
20030902       0.012675
20030903       0.001001
20030904       0.001667
20030905      -0.019807
20030908      -0.005094
20030909      -0.026114
20030910      -0.003680
20030911       0.011434
20030912      -0.000348
20030915       0.004697
20030916       0.011602
20030917      -0.014207
20030918       0.015628
20030919      -0.005984
20030922      -0.018404
20030923       0.009637
20030924      -0.017355
20030925       0.004769
20030926      -0.001582
20030929       0.007570
20030930      -0.024113
20031001       0.021665
20031002       0.001577
20031003       0.007361
20031006       0.008873
20031007       0.015692
20031008      -0.006452
20031009       0.007519
20031010      -0.009159
20031013       0.009072
20031014       0.006446
20031015      -0.004382
20031016       0.005417
20031017      -0.009261
20031020       0.002719
20031021      -0.000508
20031022      -0.012379
20031023       0.007898
20031024      -0.010051
20031027      -0.005507
20031028       0.016785
20031029       0.001532
20031030      -0.000850
20031031       0.002551
20031103       0.001527
20031104      -0.006436
20031105      -0.012615
20031106       0.011913
20031107      -0.003242
20031110      -0.005135
20031111       0.002753
20031112      -0.005491
20031113      -0.042098
20031114      -0.009366
20031117       0.000000
20031118      -0.005091
20031119       0.008955
20031120      -0.002536
20031121      -0.004721
20031124       0.023171
20031125      -0.000713
20031126      -0.006067
20031128      -0.001077
20031201      -0.020489
20031202      -0.027156
20031203      -0.006224
20031204       0.006263
20031205       0.008676
20031208      -0.001496
20031209      -0.014794
20031210       0.006463
20031211      -0.002644
20031212      -0.005870
20031215      -0.033524
20031216       0.012810
20031217       0.011675
20031218       0.013487
20031219      -0.004753
20031222       0.013754
20031223      -0.005653
20031224      -0.006254
20031226       0.001526
20031229       0.007235
20031230      -0.002268
20031231       0.005116
20040102      -0.014138
20040105      -0.003442
20040106       0.023408
20040107       0.002625
20040108      -0.004114
20040109      -0.016147
20040112       0.002099
20040113       0.004761
20040114       0.007202
20040115       0.006586
20040116      -0.000187
20040120      -0.009910
20040121       0.009443
20040122      -0.005051
20040123       0.019368
20040126       0.007379
20040127      -0.003296
20040128      -0.021312
20040129       0.022714
20040130      -0.011564
20040202       0.015599
20040203       0.005851
20040204       0.006908
20040205       0.015526
20040206       0.023644
20040209      -0.004515
20040210       0.003664
20040211      -0.007996
20040212      -0.001577
20040213      -0.011583
20040217       0.021307
20040218      -0.005563
20040219       0.020629
20040220       0.017986
20040223       0.010432
20040224      -0.001665
20040225      -0.001168
20040226      -0.008016
20040227       0.002694
20040301       0.014943
20040302      -0.014888
20040303       0.013602
20040304       0.011431
20040305      -0.013268
20040308       0.003652
20040309      -0.002977
20040310      -0.025216
20040311      -0.014636
20040312       0.010017
20040315      -0.009918
20040316       0.001209
20040317       0.008798
20040318       0.010111
20040319      -0.005769
20040322      -0.008532
20040323       0.001893
20040324       0.006356
20040325       0.021168
20040326      -0.006854
20040329       0.012119
20040330      -0.002162
20040331      -0.005167
20040401      -0.022449
20040402       0.004284
20040405       0.000683
20040406       0.006480
20040407      -0.017621
20040408      -0.022249
20040412       0.011466
20040413      -0.015173
20040414       0.016823
20040415       0.006444
20040416       0.011248
20040419      -0.001198
20040420      -0.004626
20040421       0.004303
20040422       0.004284
20040423       0.006314
20040426      -0.014075
20040427       0.007912
20040428      -0.010580
20040429      -0.007071
20040430      -0.009901
20040503      -0.008070
20040504      -0.009551
20040505      -0.002500
20040506      -0.022914
20040507      -0.012459
20040510       0.024490
20040511      -0.012496
20040512       0.009719
20040513       0.003451
20040514      -0.003439
20040517      -0.006538
20040518       0.009324
20040519      -0.005434
20040520       0.001095
20040521       0.004559
20040524      -0.001815
20040525       0.009093
20040526      -0.003785
20040527       0.012482
20040528      -0.004288
20040601      -0.005204
20040602       0.016414
20040603       0.004437
20040604      -0.000177
20040607       0.016081
20040608       0.003130
20040609      -0.011269
20040610       0.002981
20040614      -0.014336
20040615       0.005853
20040616      -0.010404
20040617      -0.004811
20040618      -0.004118
20040621      -0.012406
20040622      -0.015838
20040623      -0.009434
20040624      -0.007470
20040625      -0.012041
20040628      -0.000952
20040629      -0.009150
20040630       0.015006
20040701      -0.018954
20040702       0.003284
20040706       0.002889
20040707       0.004608
20040708      -0.002676
20040709      -0.008049
20040712       0.008694
20040713       0.015323
20040714      -0.008112
20040715      -0.004755
20040716       0.006115
20040719       0.003989
20040720       0.007378
20040721      -0.002441
20040722      -0.003953
20040723       0.004725
20040726      -0.009594
20040727       0.023742
20040728       0.000185
20040729      -0.007976
20040730      -0.008788
20040802       0.003207
20040803      -0.005829
20040804       0.006242
20040805      -0.021617
20040806      -0.013833
20040809       0.000779
20040810       0.014405
20040811      -0.009211
20040812       0.019756
20040813       0.014245
20040816       0.016854
20040817       0.012339
20040818      -0.006913
20040819       0.007345
20040820      -0.003828
20040823      -0.015554
20040824       0.001115
20040825       0.004456
20040826      -0.004066
20040827      -0.005939
20040830      -0.006721
20040831      -0.009962
20040901      -0.000759
20040902       0.007410
20040903       0.004338
20040907       0.000751
20040908      -0.003941
20040909      -0.009608
20040910       0.016740
20040913      -0.001871
20040914      -0.002437
20040915      -0.005825
20040916      -0.002646
20040917      -0.005496
20040920      -0.005335
20040921       0.001149
20040922      -0.011290
20040923       0.016838
20040924       0.005139
20040927      -0.005491
20040928       0.004950
20040929       0.004168
20040930       0.003774
20041001      -0.001316
20041004       0.003388
20041005       0.001876
20041006       0.010672
20041007      -0.007966
20041008      -0.013072
20041011       0.000946
20041012       0.000378
20041013      -0.006992
20041014      -0.008563
20041015       0.008253
20041018       0.007424
20041019      -0.004535
20041020      -0.003797
20041021      -0.007050
20041022      -0.002303
20041025       0.005963
20041026       0.009943
20041027       0.017039
20041028       0.005026
20041029      -0.001297
20041101      -0.001298
20041102       0.005571
20041103       0.006094
20041104       0.032673
20041105       0.003733
20041108       0.001062
20041109      -0.003715
20041110      -0.004794
20041111       0.010169
20041112       0.004062
20041115       0.014952
20041116      -0.014038
20041117      -0.011426
20041118      -0.007824
20041119      -0.009857
20041122       0.007783
20041123      -0.000539
20041124      -0.002695
20041126      -0.003243
20041129      -0.039226
20041130      -0.020508
20041201       0.014599
20041202       0.003408
20041203      -0.001321
20041206      -0.007746
20041207      -0.000381
20041208       0.000190
20041209       0.004951
20041210      -0.001137
20041213       0.004553
20041214       0.010576
20041215      -0.006541
20041216      -0.005280
20041217      -0.013839
20041220       0.003460
20041221       0.007663
20041222       0.007034
20041223      -0.007929
20041227       0.004567
20041228       0.008335
20041229       0.003945
20041230      -0.007111
20041231      -0.004523
20050103       0.010034
20050104      -0.002437
20050105       0.001315
20050106       0.014262
20050107      -0.001110
20050110      -0.005001
20050111      -0.002420
20050112       0.009144
20050113      -0.008136
20050114       0.006525
20050118       0.009261
20050119      -0.013030
20050120      -0.007624
20050121      -0.006745
20050124       0.001132
20050125       0.003957
20050126       0.000000
20050127      -0.003754
20050128      -0.012246
20050131      -0.000572
20050201       0.004008
20050202       0.008554
20050203       0.006785
20050204       0.000749
20050207       0.000935
20050208      -0.005793
20050209      -0.012782
20050210      -0.004951
20050211      -0.003062
20050214       0.000960
20050215       0.010546
20050216      -0.001898
20050217       0.001901
20050218       0.000380
20050222      -0.013657
20050223      -0.007692
20050224      -0.002713
20050225       0.000583
20050228       0.002331
20050301       0.008332
20050302      -0.001729
20050303       0.017517
20050304       0.004540
20050307      -0.006026
20050308      -0.006821
20050309       0.000572
20050310      -0.005720
20050311      -0.010547
20050314      -0.005814
20050315      -0.005263
20050316       0.008818
20050317       0.019482
20050318      -0.016816
20050321      -0.005442
20050322      -0.005276
20050323      -0.004912
20050324       0.000197
20050328       0.006514
20050329      -0.004315
20050330       0.001379
20050331      -0.014359
20050401      -0.022351
20050404       0.008573
20050405       0.005262
20050406      -0.003423
20050407      -0.012121
20050408      -0.006749
20050411      -0.001235
20050412       0.002474
20050413      -0.001234
20050414      -0.012559
20050415      -0.005421
20050418       0.003774
20050419      -0.005848
20050420      -0.005252
20050421       0.009081
20050422      -0.020301
20050425       0.004486
20050426      -0.000425
20050427       0.006170
20050428      -0.005075
20050429       0.001913
20050502       0.014001
20050503       0.012552
20050504       0.001033
20050505       0.002477
20050506       0.008030
20050509       0.005923
20050510      -0.010761
20050511      -0.002463
20050512      -0.019547
20050513      -0.010913
20050516       0.001910
20050517      -0.004659
20050518       0.015532
20050519      -0.001471
20050520      -0.006946
20050523       0.014201
20050524      -0.004180
20050525      -0.007345
20050526       0.000211
20050527      -0.000846
20050531      -0.000846
20050601       0.014609
20050602       0.006260
20050603      -0.018042
20050606       0.008025
20050607       0.000629
20050608      -0.003978
20050609       0.005255
20050610       0.003346
20050613       0.006253
20050614       0.028998
20050615       0.003422
20050616      -0.010030
20050617      -0.008511
20050620      -0.001431
20050621      -0.006754
20050622       0.005358
20050623      -0.018651
20050624      -0.010652
20050627       0.003167
20050628       0.019150
20050629       0.002271
20050630      -0.007005
20050701       0.001660
20050705       0.031483
20050706      -0.008434
20050707       0.002633
20050708       0.007877
20050711      -0.002004
20050712       0.005823
20050713       0.000998
20050714       0.007379
20050715      -0.005147
20050718      -0.005174
20050719      -0.004601
20050720       0.004823
20050721      -0.012200
20050722       0.003037
20050725      -0.001817
20050726       0.001618
20050727       0.005451
20050728       0.000402
20050729      -0.009434
20050801       0.003647
20050802       0.005451
20050803      -0.002410
20050804      -0.007850
20050805       0.000609
20050808      -0.003447
20050809       0.001424
20050810      -0.007720
20050811       0.002252
20050812      -0.005107
20050815       0.008214
20050816      -0.031161
20050817      -0.006517
20050818       0.002760
20050819      -0.013971
20050822       0.001932
20050823      -0.007071
20050824      -0.017048
20050825      -0.005708
20050826       0.009053
20050829      -0.001094
20050830      -0.010077
20050831      -0.005090
20050901       0.000890
20050902      -0.010000
20050906       0.025589
20050907       0.003721
20050908       0.000000
20050909       0.000654
20050912       0.000000
20050913      -0.017869
20050914      -0.008209
20050915      -0.008501
20050916      -0.010153
20050919       0.003191
20050920      -0.018178
20050921      -0.016663
20050922       0.016474
20050923       0.000232
20050926      -0.002083
20050927      -0.000232
20050928       0.000696
20050929       0.009506
20050930       0.006431
20051003      -0.001369
20051004       0.002057
20051005      -0.007982
20051006       0.009885
20051007       0.002276
20051010       0.011583
20051011       0.010777
20051012      -0.001777
20051013      -0.004005
20051014       0.006256
20051017       0.004441
20051018      -0.002431
20051019       0.019056
20051020      -0.008480
20051021       0.002632
20051024       0.010717
20051025      -0.017745
20051026       0.004186
20051027      -0.018429
20051028       0.016987
20051031       0.039780
20051101      -0.006764
20051102       0.012130
20051103      -0.002313
20051104       0.005058
20051107       0.007549
20051108      -0.009157
20051109       0.012392
20051110       0.017427
20051111      -0.000816
20051114       0.006122
20051115      -0.010548
20051116       0.002050
20051117       0.007365
20051118       0.005280
20051121       0.002424
20051122       0.011689
20051123       0.007370
20051125      -0.001582
20051128      -0.009705
20051129      -0.019800
20051130      -0.009182
20051201      -0.010914
20051202      -0.001249
20051205      -0.017303
20051206       0.010182
20051207       0.002730
20051208      -0.001047
20051209       0.007966
20051212       0.012479
20051213       0.016228
20051214       0.003841
20051215      -0.005049
20051216       0.000203
20051219      -0.006292
20051220      -0.007353
20051221       0.001029
20051222      -0.001028
20051223      -0.005350
20051227      -0.012619
20051228       0.002305
20051229      -0.007525
20051230      -0.014322
20060103      -0.012179
20060104       0.001947
20060105      -0.013601
20060106       0.004159
20060109      -0.003705
20060110       0.003282
20060111       0.015482
20060112      -0.017823
20060113      -0.007433
20060117      -0.009912
20060118       0.005117
20060119       0.013723
20060120      -0.017467
20060123       0.005556
20060124       0.010387
20060125       0.005468
20060126       0.007614
20060127      -0.010363
20060130       0.012435
20060131      -0.006464
20060201       0.000651
20060202       0.003034
20060203      -0.017070
20060206      -0.009013
20060207      -0.007542
20060208       0.014752
20060209       0.006608
20060210       0.001094
20060213      -0.005246
20060214       0.020655
20060215       0.009473
20060216      -0.005545
20060217      -0.011366
20060221      -0.007809
20060222      -0.005684
20060223       0.004837
20060224      -0.005470
20060227       0.006821
20060228      -0.008741
20060301      -0.004630
20060302      -0.001993
20060303       0.005992
20060306      -0.004633
20060307       0.003325
20060308       0.000000
20060309      -0.000663
20060310       0.001989
20060313      -0.001324
20060314       0.005964
20060315      -0.001153
20060316       0.022948
20060317       0.007118
20060320       0.022917
20060321       0.007328
20060322      -0.000208
20060323       0.009148
20060324      -0.007211
20060327      -0.004980
20060328      -0.004171
20060329       0.006283
20060330      -0.008117
20060331      -0.008812
20060403      -0.009949
20060404      -0.005773
20060405       0.007957
20060406      -0.006614
20060407      -0.011598
20060410      -0.006953
20060411      -0.004376
20060412       0.008791
20060413      -0.002832
20060417       0.001092
20060418       0.012658
20060419       0.001509
20060420      -0.001506
20060421      -0.012500
20060424      -0.006111
20060425       0.001976
20060426       0.007670
20060427      -0.007395
20060428      -0.013365
20060501       0.019987
20060502       0.005008
20060503       0.011482
20060504      -0.006211
20060505       0.018319
20060508       0.006772
20060509       0.006306
20060510      -0.001880
20060511      -0.011092
20060512      -0.015026
20060515       0.019123
20060516       0.013494
20060517      -0.022103
20060518       0.008113
20060519       0.002118
20060522       0.000634
20060523       0.003590
20060524       0.010732
20060525       0.029565
20060526       0.004045
20060530      -0.027190
20060531       0.003106
20060601      -0.001238
20060602      -0.011573
20060605      -0.013381
20060606      -0.003391
20060607       0.000213
20060608       0.005527
20060609      -0.003594
20060612      -0.002970
20060613       0.011492
20060614       0.003787
20060615       0.019912
20060616      -0.007193
20060619      -0.000828
20060620       0.003315
20060621       0.009705
20060622      -0.008589
20060623      -0.011139
20060626       0.002712
20060627      -0.009153
20060628       0.006089
20060629       0.016486
20060630      -0.011086
20060703      -0.012456
20060705      -0.011562
20060706      -0.006380
20060707      -0.015411
20060710       0.003913
20060711      -0.001083
20060712      -0.021244
20060713      -0.021927
20060714      -0.025136
20060717      -0.000697
20060718       0.003487
20060719       0.023859
20060720       0.002036
20060721      -0.012870
20060724       0.016240
20060725       0.005402
20060726      -0.022386
20060727      -0.003206
20060728       0.021365
20060731       0.000900
20060801      -0.009213
20060802       0.006351
20060803       0.008114
20060804       0.003130
20060807      -0.001114
20060808      -0.008032
20060809      -0.012596
20060810       0.022551
20060811      -0.004455
20060814       0.009174
20060815      -0.012195
20060816       0.001066
20060817       0.004501
20060818      -0.003137
20060821      -0.008991
20060822      -0.000454
20060823      -0.007034
20060824      -0.001371
20060825       0.004119
20060828       0.012534
20060829       0.001350
20060830       0.002922
20060831       0.002241
20060901       0.016324
20060905       0.002640
20060906      -0.003730
20060907       0.003084
20060908       0.025911
20060911       0.016481
20060912       0.012213
20060913       0.000208
20060914       0.006032
20060915      -0.003101
20060918      -0.002489
20060919       0.008316
20060920       0.007629
20060921      -0.008390
20060922      -0.003508
20060925       0.010975
20060926       0.008808
20060927       0.005076
20060928       0.006263
20060929      -0.009837
20061002      -0.017843
20061003       0.021057
20061004       0.001820
20061005      -0.023007
20061006      -0.001859
20061009      -0.002070
20061010      -0.002074
20061011       0.003949
20061012       0.000207
20061013       0.002897
20061016      -0.002889
20061017      -0.000828
20061018       0.001450
20061019       0.002896
20061020       0.018148
20061023       0.038687
20061024       0.000390
20061025      -0.008772
20061026       0.017699
20061027      -0.019710
20061030      -0.023655
20061031      -0.005047
20061101      -0.008726
20061102      -0.011464
20061103      -0.015738
20061106      -0.000842
20061107       0.003369
20061108      -0.013012
20061109      -0.013608
20061110       0.001725
20061113      -0.003228
20061114       0.028929
20061115       0.000420
20061116       0.004824
20061117      -0.008558
20061120       0.004632
20061121       0.001886
20061122       0.004601
20061124      -0.002707
20061127      -0.026931
20061128       0.002145
20061129       0.003854
20061130      -0.016848
20061201      -0.004989
20061204       0.009156
20061205       0.004105
20061206       0.001291
20061207      -0.003653
20061208      -0.000431
20061211      -0.007551
20061212      -0.007609
20061213       0.009146
20061214       0.013508
20061215      -0.001505
20061218      -0.001722
20061219      -0.006038
20061220      -0.004773
20061221      -0.003488
20061222      -0.003719
20061226       0.012516
20061227       0.001084
20061228      -0.003250
20061229       0.003695
20070103       0.029666
20070104       0.004837
20070105      -0.008162
20070108      -0.008230
20070109       0.008298
20070110      -0.002321
20070111       0.006768
20070112       0.007983
20070116       0.006878
20070117      -0.002277
20070118       0.003942
20070119      -0.001653
20070122      -0.007245
20070123      -0.003128
20070124       0.016733
20070125      -0.009463
20070126      -0.009969
20070129      -0.000839
20070130      -0.007348
20070131       0.008672
20070201       0.001887
20070202       0.006279
20070205       0.009151
20070206       0.001237
20070207       0.000000
20070208      -0.005558
20070209      -0.007038
20070212      -0.004795
20070213       0.005027
20070214      -0.002293
20070215       0.010236
20070216       0.002481
20070220       0.036716
20070221      -0.005770
20070222      -0.005603
20070223      -0.002415
20070226       0.008271
20070227      -0.035614
20070228       0.002282
20070301      -0.008694
20070302      -0.001670
20070305      -0.007111
20070306       0.012008
20070307      -0.002290
20070308      -0.001043
20070309      -0.009607
20070312      -0.003374
20070313      -0.022852
20070314      -0.004981
20070315       0.005904
20070316       0.004565
20070319       0.008223
20070320       0.015239
20070321       0.009937
20070322       0.005024
20070323      -0.002083
20070326      -0.001461
20070327      -0.007316
20070328      -0.017899
20070329       0.001715
20070330       0.004923
20070402       0.009585
20070403       0.014768
20070404      -0.001039
20070405       0.004579
20070409       0.004143
20070410      -0.010935
20070411      -0.013976
20070412      -0.000212
20070413       0.003174
20070416       0.013921
20070417       0.002080
20070418      -0.004152
20070419       0.007713
20070420       0.029375
20070423      -0.016680
20070424      -0.004905
20070425       0.002465
20070426      -0.002254
20070427      -0.007392
20070430      -0.008688
20070501       0.008556
20070502      -0.001035
20070503       0.001657
20070504      -0.001861
20070507       0.007044
20070508      -0.010492
20070509      -0.003534
20070510      -0.003755
20070511       0.000628
20070514       0.001256
20070515      -0.004599
20070516      -0.004620
20070517      -0.001484
20070518       0.003396
20070521      -0.013751
20070522      -0.001716
20070523      -0.004512
20070524       0.006907
20070525       0.005573
20070529       0.000639
20070530       0.003835
20070531       0.010187
20070601       0.039286
20070604       0.035173
20070605      -0.013474
20070606       0.004553
20070607      -0.019507
20070608       0.006431
20070611      -0.005391
20070612      -0.018069
20070613       0.012063
20070614      -0.004444
20070615       0.001218
20070618      -0.004662
20070619      -0.006109
20070620      -0.004507
20070621      -0.004116
20070622      -0.011573
20070625      -0.000209
20070626       0.003137
20070627       0.010215
20070628      -0.005159
20070629      -0.002074
20070702       0.004573
20070703       0.002897
20070705      -0.007840
20070706       0.006238
20070709       0.002273
20070710      -0.018969
20070711       0.002102
20070712       0.024119
20070713       0.006553
20070716      -0.004273
20070717      -0.012056
20070718      -0.006412
20070719       0.015612
20070720      -0.014962
20070723       0.001040
20070724      -0.001871
20070725      -0.003124
20070726      -0.021934
20070727      -0.018795
20070730       0.005877
20070731      -0.005626
20070801       0.005876
20070802       0.011034
20070803      -0.025893
20070806       0.032953
20070807       0.000851
20070808       0.028899
20070809      -0.040686
20070810      -0.008181
20070813       0.002171
20070814      -0.050899
20070815      -0.007303
20070816       0.005083
20070817      -0.000230
20070820       0.002299
20070821       0.002524
20070822       0.001144
20070823      -0.013257
20070824       0.013204
20070827       0.001829
20070828      -0.009585
20070829       0.018203
20070830      -0.019688
20070831       0.007156
20070904      -0.007564
20070905      -0.019630
20070906       0.007303
20070907      -0.008653
20070910      -0.002831
20070911       0.015850
20070912      -0.005356
20070913       0.008195
20070914       0.006038
20070917       0.000000
20070918       0.025854
20070919       0.006976
20070920      -0.009609
20070921      -0.002031
20070924      -0.005878
20070925      -0.018422
20070926       0.003244
20070927       0.007159
20070928       0.000917
20071001       0.018786
20071002       0.008995
20071003       0.005795
20071004      -0.002881
20071005       0.008222
20071008      -0.002204
20071009      -0.001325
20071010       0.008405
20071011       0.028734
20071012       0.003412
20071015      -0.012962
20071016      -0.012702
20071017       0.002835
20071018      -0.002174
20071019      -0.019830
20071022       0.006003
20071023      -0.029171
20071024      -0.001366
20071025       0.000228
20071026       0.017320
20071029       0.008289
20071030       0.007998
20071031      -0.003527
20071101      -0.026100
20071102       0.003634
20071105      -0.003621
20071106       0.005905
20071107      -0.008128
20071108      -0.007057
20071109      -0.016506
20071112       0.009790
20071113       0.061173
20071114       0.011747
20071115      -0.006665
20071116       0.003030
20071119      -0.018774
20071120       0.000660
20071121      -0.014066
20071123       0.019394
20071126      -0.015307
20071127       0.017766
20071128       0.030548
20071129       0.006564
20071130       0.007573
20071203      -0.000626
20071204       0.006685
20071205       0.014733
20071206       0.007566
20071207      -0.005074
20071210       0.008364
20071211      -0.008092
20071212      -0.011829
20071213       0.002073
20071214      -0.014484
20071217       0.004199
20071218       0.008572
20071219      -0.003317
20071220      -0.004784
20071221       0.007524
20071224       0.010994
20071226      -0.007386
20071227      -0.012609
20071228       0.006489
20071231      -0.011439
20080102      -0.013255
20080103      -0.011087
20080104      -0.014230
20080107       0.018373
20080108      -0.012672
20080109       0.020231
20080110       0.031983
20080111      -0.014050
20080114      -0.001048
20080115      -0.014265
20080116       0.010641
20080117      -0.000211
20080118       0.002106
20080122       0.034136
20080123       0.019425
20080124      -0.024920
20080125      -0.016765
20080128       0.012892
20080129       0.006159
20080130       0.003061
20080131       0.032140
20080201       0.008672
20080204      -0.021688
20080205      -0.010186
20080206      -0.014730
20080207       0.020684
20080208      -0.021669
20080211       0.017227
20080212       0.013105
20080213       0.008159
20080214      -0.013620
20080215      -0.010606
20080219       0.004450
20080220       0.000805
20080221       0.001811
20080222       0.003615
20080225       0.007204
20080226       0.021260
20080227       0.000584
20080228      -0.014194
20080229      -0.021894
20080303       0.006050
20080304      -0.000401
20080305      -0.006379
20080306       0.008639
20080307      -0.001601
20080310      -0.021042
20080311       0.028659
20080312       0.005522
20080313       0.006164
20080314      -0.015415
20080317       0.002609
20080318       0.020621
20080319      -0.003923
20080320       0.048247
20080324       0.007515
20080325      -0.010815
20080326      -0.002827
20080327      -0.010019
20080328      -0.004774
20080331       0.010744
20080401       0.026576
20080402       0.007027
20080403       0.008630
20080404      -0.009649
20080407      -0.003125
20080408       0.004057
20080409      -0.005693
20080410       0.009605
20080411       0.002561
20080414       0.006387
20080415       0.020308
20080416       0.014217
20080417      -0.007009
20080418      -0.006353
20080421       0.001243
20080422       0.003015
20080423       0.006543
20080424       0.009311
20080425       0.003481
20080428      -0.005204
20080429       0.021970
20080430      -0.010749
20080501       0.001552
20080502      -0.009816
20080505      -0.009217
20080506      -0.010883
20080507       0.008518
20080508       0.005807
20080509       0.000350
20080512       0.014690
20080513      -0.023613
20080514       0.018314
20080515      -0.005744
20080516      -0.001401
20080519      -0.011220
20080520      -0.007979
20080521      -0.012869
20080522       0.014847
20080523      -0.005352
20080527       0.011659
20080528       0.012234
20080529       0.014889
20080530      -0.003452
20080602      -0.009352
20080603       0.009965
20080604      -0.001558
20080605       0.036754
20080606      -0.023913
20080609       0.020559
20080610       0.003525
20080611      -0.021077
20080612       0.010082
20080613       0.001184
20080616       0.002197
20080617      -0.010454
20080618      -0.017379
20080619       0.000347
20080620      -0.024788
20080623       0.006754
20080624       0.012006
20080625       0.013957
20080626      -0.022195
20080627      -0.009326
20080630      -0.001776
20080701       0.014769
20080702      -0.009293
20080703       0.001770
20080707       0.005477
20080708       0.038658
20080709      -0.024361
20080710      -0.007976
20080711      -0.016081
20080714       0.000355
20080715      -0.001243
20080716       0.012802
20080717       0.012640
20080718       0.004161
20080721      -0.010532
20080722       0.030536
20080723      -0.016424
20080724      -0.019280
20080725      -0.002457
20080728      -0.014253
20080729       0.025527
20080730       0.019321
20080731       0.001025
20080801      -0.014841
20080804       0.011775
20080805       0.032689
20080806       0.006961
20080807      -0.062541
20080808       0.015801
20080811       0.012098
20080812       0.011783
20080813      -0.019114
20080814       0.003801
20080815       0.021859
20080818      -0.009095
20080819      -0.010709
20080820       0.002749
20080821       0.002399
20080822       0.016068
20080825      -0.014973
20080826       0.007686
20080827       0.004915
20080828       0.009951
20080829      -0.013527
20080902       0.009819
20080903       0.002347
20080904      -0.000167
20080905       0.016059
20080908       0.020744
20080909      -0.014032
20080910       0.014559
20080911       0.018542
20080912      -0.012031
20080915      -0.012498
20080916       0.008275
20080917      -0.040232
20080918       0.030852
20080919      -0.028952
20080922      -0.013568
20080923      -0.008321
20080924       0.008904
20080925       0.020367
20080926       0.009814
20080929      -0.037226
20080930       0.024636
20081001      -0.003840
20081002      -0.013577
20081003       0.014953
20081006      -0.030638
20081007      -0.052850
20081008      -0.005288
20081009      -0.057929
20081010      -0.008562
20081013       0.069676
20081014      -0.001101
20081015      -0.080639
20081016       0.091309
20081017      -0.015562
20081020       0.012274
20081021      -0.013963
20081022      -0.026085
20081023       0.009374
20081024      -0.025777
20081027      -0.033658
20081028       0.110731
20081029      -0.002719
20081030      -0.004907
20081031       0.019361
20081103       0.002867
20081104       0.002859
20081105      -0.035632
20081106      -0.011823
20081107       0.016826
20081110       0.014525
20081111      -0.007793
20081112      -0.038904
20081113       0.043900
20081114      -0.040415
20081117      -0.017075
20081118       0.017564
20081119      -0.032625
20081120      -0.006667
20081121       0.044611
20081124      -0.002834
20081125       0.036195
20081126       0.036759
20081128      -0.014288
20081201      -0.051360
20081202       0.008300
20081203       0.017399
20081204       0.013424
20081205       0.056251
20081208      -0.011166
20081209      -0.030403
20081210      -0.010034
20081211      -0.004027
20081212      -0.002920
20081215       0.001464
20081216       0.009687
20081217      -0.000905
20081218       0.003986
20081219       0.005956
20081222       0.004485
20081223      -0.012502
20081224       0.002713
20081226      -0.001623
20081229      -0.004336
20081230      -0.001089
20081231       0.018347
20090102       0.019979
20090105      -0.011542
20090106      -0.008846
20090107      -0.008568
20090108      -0.074901
20090109       0.003893
20090112      -0.003684
20090113       0.014205
20090114      -0.010744
20090115      -0.004073
20090116       0.004090
20090120      -0.019395
20090121      -0.028085
20090122      -0.005495
20090123      -0.010640
20090126       0.005171
20090127       0.003910
20090128      -0.001230
20090129      -0.017853
20090130      -0.015462
20090202      -0.011672
20090203       0.026627
20090204      -0.029073
20090205       0.046101
20090206       0.022035
20090209      -0.007052
20090210      -0.031656
20090211       0.010687
20090212      -0.002073
20090213      -0.033243
20090217       0.036751
20090218       0.036484
20090219       0.009000
20090220      -0.008523
20090223      -0.022791
20090224       0.023118
20090225      -0.015997
20090226      -0.019508
20090227       0.020518
20090302      -0.024370
20090303      -0.013739
20090304       0.023428
20090305       0.025985
20090306      -0.016884
20090309      -0.028624
20090310       0.024416
20090311      -0.019262
20090312       0.031184
20090313       0.005108
20090316      -0.007928
20090317       0.024590
20090318       0.008800
20090319      -0.009714
20090320      -0.007207
20090323       0.038113
20090324      -0.007770
20090325       0.011746
20090326       0.020898
20090327      -0.003601
20090330      -0.015408
20090331       0.006569
20090401       0.013820
20090402       0.015524
20090403       0.002983
20090406      -0.006877
20090407      -0.019465
20090408       0.004199
20090409      -0.037065
20090413       0.017173
20090414      -0.007957
20090415       0.003326
20090416      -0.009944
20090417      -0.011422
20090420      -0.018526
20090421       0.011366
20090422      -0.017459
20090423      -0.002042
20090424      -0.020262
20090427       0.013370
20090428      -0.000825
20090429       0.040850
20090430      -0.000991
20090501      -0.006944
20090504       0.015784
20090505      -0.007474
20090506      -0.018827
20090507       0.007675
20090508       0.005011
20090511       0.009773
20090512       0.005333
20090513      -0.011739
20090514      -0.018589
20090515      -0.019348
20090518       0.036760
20090519      -0.011218
20090520      -0.008509
20090521       0.003474
20090522       0.002851
20090526       0.015228
20090527      -0.013600
20090528       0.004663
20090529       0.003835
20090601       0.017089
20090602      -0.013046
20090603       0.019027
20090604      -0.000197
20090605       0.003932
20090608      -0.005091
20090609      -0.003936
20090610      -0.010867
20090611      -0.014782
20090612       0.010543
20090615      -0.027689
20090616      -0.004333
20090617       0.006425
20090618       0.002471
20090619      -0.010477
20090622       0.008719
20090623      -0.004939
20090624       0.003309
20090625       0.013193
20090626      -0.010580
20090629       0.002673
20090630      -0.006563
20090701      -0.001445
20090702      -0.011991
20090706      -0.001256
20090707       0.002305
20090708       0.011079
20090709      -0.005995
20090710      -0.010607
20090713       0.005466
20090714       0.006272
20090715       0.008726
20090716      -0.000824
20090717      -0.000412
20090720       0.006805
20090721       0.000819
20090722       0.006345
20090723      -0.008338
20090724       0.003692
20090727       0.000613
20090728      -0.001021
20090729       0.009199
20090730       0.012356
20090731      -0.002001
20090803      -0.000802
20090804       0.000201
20090805      -0.013039
20090806      -0.004472
20090807       0.006329
20090810       0.008724
20090811       0.006436
20090812       0.014838
20090813       0.027123
20090814      -0.001735
20090817      -0.004248
20090818      -0.004072
20090819       0.006036
20090820       0.000774
20090821      -0.006768
20090824       0.003699
20090825       0.002328
20090826       0.002516
20090827      -0.010811
20090828      -0.002147
20090831      -0.005085
20090901       0.001966
20090902      -0.000981
20090903       0.016104
20090904      -0.001160
20090908      -0.005418
20090909      -0.005642
20090910      -0.001565
20090911      -0.006075
20090914      -0.006703
20090915      -0.008932
20090916       0.002203
20090917      -0.001599
20090918       0.003002
20090921       0.015965
20090922       0.001571
20090923      -0.011571
20090924       0.005952
20090925      -0.024260
20090928       0.000606
20090929      -0.005455
20090930      -0.002844
20091001      -0.001833
20091002       0.001633
20091005      -0.000408
20091006       0.008561
20091007       0.000202
20091008       0.005052
20091009       0.004624
20091012      -0.007204
20091013       0.014715
20091014      -0.002980
20091015       0.015143
20091016       0.005299
20091019       0.013081
20091020      -0.003662
20091021      -0.020696
20091022      -0.002963
20091023      -0.000792
20091026      -0.011895
20091027       0.000602
20091028       0.000602
20091029       0.010020
20091030      -0.014286
20091102       0.012077
20091103      -0.007558
20091104       0.009619
20091105       0.017864
20091106      -0.000585
20091109       0.014634
20091110       0.005962
20091111       0.012617
20091112       0.005097
20091113      -0.000751
20091116      -0.000752
20091117       0.009406
20091118       0.009132
20091119       0.007202
20091120      -0.004767
20091123       0.007369
20091124       0.003109
20091125       0.002005
20091127      -0.006004
20091130      -0.001464
20091201       0.003666
20091202      -0.003288
20091203      -0.002382
20091204      -0.003674
20091207       0.012721
20091208      -0.009467
20091209      -0.001241
20091210       0.011467
20091211      -0.000731
20091214      -0.010613
20091215      -0.001665
20091216      -0.012227
20091217      -0.010503
20091218       0.001706
20091221       0.010407
20091222      -0.001124
20091223      -0.000375
20091224       0.005251
20091228       0.007090
20091229       0.002408
20091230       0.003511
20091231      -0.015654
20100104       0.014593
20100105      -0.009958
20100106      -0.002235
20100107       0.000560
20100108      -0.005037
20100111       0.016501
20100112       0.009592
20100113       0.005116
20100114      -0.014543
20100115      -0.009777
20100119       0.006520
20100120      -0.003146
20100121      -0.017453
20100122       0.000378
20100125      -0.001133
20100126       0.013805
20100127      -0.003917
20100128      -0.014794
20100129       0.015586
20100201       0.000936
20100202       0.000187
20100203       0.014582
20100204      -0.023954
20100205       0.009062
20100208      -0.009729
20100209       0.006046
20100210      -0.000188
20100211      -0.003005
20100212      -0.003391
20100216       0.012476
20100217       0.009335
20100218      -0.010914
20100219       0.000374
20100222       0.006356
20100223      -0.003901
20100224       0.005595
20100225       0.004266
20100226      -0.001477
20100301      -0.003144
20100302      -0.005751
20100303       0.001306
20100304       0.005591
20100305       0.003336
20100308       0.000185
20100309      -0.001662
20100310      -0.002358
20100311       0.006340
20100312      -0.001297
20100315       0.028200
20100316       0.010285
20100317      -0.001250
20100318       0.000358
20100319      -0.010726
20100322       0.005060
20100323       0.004854
20100324      -0.005547
20100325       0.000540
20100326      -0.001798
20100329       0.004143
20100330       0.003050
20100331      -0.005545
20100401      -0.001978
20100405       0.000000
20100406       0.000721
20100407      -0.004502
20100408       0.001809
20100409      -0.005598
20100412      -0.000908
20100413      -0.005453
20100414      -0.001462
20100415      -0.009334
20100416      -0.000369
20100419       0.005175
20100420       0.002390
20100421      -0.000917
20100422       0.000367
20100423       0.000734
20100426      -0.008986
20100427       0.000000
20100428      -0.007957
20100429       0.001679
20100430      -0.001117
20100503       0.001864
20100504       0.005210
20100505       0.013884
20100506      -0.028118
20100507      -0.015593
20100510       0.003435
20100511      -0.002282
20100512       0.006148
20100513      -0.001524
20100514      -0.005344
20100517       0.011704
20100518       0.018490
20100519      -0.012382
20100520      -0.032805
20100521       0.001365
20100524      -0.007203
20100525      -0.014118
20100526      -0.005171
20100527       0.013595
20100528      -0.002761
20100601       0.007120
20100602       0.015711
20100603       0.000000
20100604      -0.025522
20100607       0.006746
20100608       0.000788
20100609       0.004136
20100610       0.004511
20100611      -0.007029
20100614       0.007472
20100615       0.007806
20100616      -0.012781
20100617       0.008435
20100618       0.002723
20100621      -0.010281
20100622      -0.006664
20100623       0.002565
20100624      -0.015351
20100625      -0.024585
20100628       0.015779
20100629      -0.013516
20100630      -0.016973
20100701       0.005617
20100702      -0.007034
20100706       0.011875
20100707       0.007206
20100708       0.005315
20100709       0.005083
20100712       0.013959
20100713       0.008380
20100714      -0.003759
20100715       0.001192
20100716      -0.014680
20100719      -0.003020
20100720       0.027464
20100721      -0.010417
20100722       0.010129
20100723       0.015926
20100726      -0.010451
20100727      -0.003325
20100728       0.003336
20100729      -0.001369
20100730       0.002546
20100802       0.004298
20100803      -0.002334
20100804       0.006044
20100805       0.000388
20100806       0.003293
20100809       0.005213
20100810       0.003073
20100811      -0.017187
20100812      -0.011564
20100813      -0.000595
20100816       0.000198
20100817       0.012101
20100818      -0.003136
20100819      -0.015729
20100820       0.003196
20100823       0.018319
20100824       0.003129
20100825       0.004873
20100826      -0.011251
20100827       0.000589
20100830      -0.008824
20100831      -0.008111
20100901       0.021141
20100902       0.010937
20100903       0.005410
20100907      -0.003459
20100908      -0.000578
20100909       0.001543
20100910       0.001156
20100913       0.004618
20100914       0.008619
20100915       0.003798
20100916       0.005486
20100917      -0.002634
20100920       0.009998
20100921       0.000560
20100922       0.004667
20100923      -0.003159
20100924       0.008015
20100927      -0.011095
20100928       0.006358
20100929      -0.008733
20100930       0.003187
20101001      -0.002990
20101004       0.003936
20101005       0.008027
20101006       0.010370
20101007      -0.003666
20101008       0.000920
20101011       0.003676
20101012      -0.012635
20101013      -0.001855
20101014      -0.010591
20101015       0.001878
20101018       0.007685
20101019      -0.008184
20101020       0.002813
20101021       0.010473
20101022       0.000555
20101025      -0.002035
20101026       0.011307
20101027      -0.012647
20101028       0.003898
20101029       0.001664
20101101       0.002585
20101102       0.008838
20101103       0.002190
20101104       0.008195
20101105      -0.002890
20101108      -0.005254
20101109       0.002550
20101110      -0.009809
20101111      -0.003119
20101112      -0.003865
20101115      -0.003325
20101116       0.005746
20101117      -0.009031
20101118       0.003906
20101119       0.007595
20101122      -0.000184
20101123      -0.013056
20101124       0.006335
20101126      -0.004999
20101129       0.002047
20101130       0.004457
20101201       0.011278
20101202       0.000914
20101203      -0.002374
20101206      -0.002380
20101207       0.011011
20101208      -0.005400
20101209      -0.002753
20101210      -0.001104
20101213      -0.001290
20101214       0.004427
20101215      -0.004040
20101216       0.007376
20101217      -0.004027
20101220      -0.011763
20101221      -0.002232
20101222      -0.006337
20101223       0.005440
20101227      -0.000560
20101228       0.003173
20101229       0.006327
20101230      -0.000185
20101231      -0.002589
