  -42  -17  -21  -33  -17  -32  -23   23  -22  -49  -24  -26
  -47  -29   -6    6   -9  -81  -20   -3  -12  -21  -25   15
   42   13   12  -39  -16  -79  -51    3   13   -6  -13  -49
  -40  -66  -18    0   -8   37   24  -15  -44  -37  -53   -8
  -33   -5  -27  -76  -99  -54  -63   32  -19  -59  -59  -79
  -67  -56  -69  -66  -33  -73  -38    2   -2   13  -18   25
  -52  -58  -51  -38  -36  -55  -16  -22  -21  -69  -28  -55
  -69 -105  -41  -63  -67  -49  -24  -12  -48  -43  -73  -50
  -45  -59  -67   -9  -50  -33  -10  -13  -21   -3   16    9
   -9   35   25   32   27  -14  -27  -40  -21  -14  -24  -21
  -45  -49  -47  -31  -77  -39  -43  -41  -16  -15  -59  -29
  -84  -92  -33  -51  -32  -41  -58  -45  -38  -46  -39   -8
  -48  -21  -43  -62  -56  -50  -22  -16  -37  -24  -37  -49
 -122  -80  -47  -45  -58  -54   -1  -22  -28    9  -21  -31
  -65  -55  -30  -54  -48  -35  -15  -18  -35    5    3   -1
  -53  -65  -36  -32  -22  -10  -39   -7    2    7    2    6
   -3  -10  -36  -33  -21  -26    5  -14    9   34  -25    0
    0  -27  -12    6   -6   -2    9  -11    2   -8   12   -3
   10  -29  -57  -36  -45  -14  -20  -16   10  -25  -28   -5
  -24  -44  -18   -9  -25  -37   -9  -10   15  -12   18   -3
  -33   12   -1   -1   -4    8  -10   -2    5   33    8   12
   -2    4    5    6   -4   14   -8   -5   17    0    4   -5
  -13   14   -1    2  -12  -13  -23  -35  -21  -32  -30  -39
  -20    3    2  -39  -30  -49  -15  -29  -31  -38  -33  -42
  -62  -61  -35  -25  -50  -31  -46  -36  -32  -36   -7  -25
  -23  -75   -7   -9  -16  -12  -23  -11  -12  -18   12   -8
    1  -16  -18   23   -5   -9   -6   -3  -13   -1  -33   -7
  -30  -48  -29  -42  -48  -46  -21  -38  -24  -18  -45  -47
  -19  -18  -33  -27  -16  -22  -20  -24   -2  -25  -41  -24
  -64  -44  -32  -45  -43  -24  -16    7   -5   -2   -2  -41
  -26  -19  -26  -15  -11  -17    0    0    5  -18  -34  -47
  -45  -43  -39  -33  -19  -24    0  -11  -13   -6    0  -10
   -6   -1  -28  -12   -8   -6  -34  -50  -29  -38  -33  -21
  -27  -35  -43  -14  -45  -43  -10   -4   -7  -19   -6   13
   25    8    4   -7   13    1  -13    1    0   20  -19  -12
   -7   10    4    6   -5   -7   16   -7   11    2   19   -2
    3   -3  -33  -18  -25  -35  -22    0   -6   -5  -29  -69
  -41  -66  -65  -43  -70  -33   15  -28  -22  -40  -27  -76
  -55  -53  -43  -41  -63  -33  -33  -32   -7   14  -16  -21
  -12  -13    0   -1   -4   -7    3    5  -10    2  -33  -17
    4  -16  -10   -6  -15  -22   -3   -5   -6  -34  -19  -36
    2   -8   -3   -6   -9    2   13  -36   -8   -5  -14   -7
  -33  -34  -22   -1  -25  -22    4  -18   -6  -16    0   -5
  -16  -15  -10  -36  -23  -20  -39  -31  -26   -4    6    4
  -20  -29   -5  -39  -20   -9   -5   -7    2   -6    0  -15
  -36  -25  -15   -8  -20  -26  -21   -3  -20  -25   10   24
   32   36   28   -3  -21  -15   -2   11   11   -2   15  -21
  -11   -7  -29  -25  -21  -16    8  -14    1   23   21  -15
   14    4   -3   -4  -29  -46    5    4    6   -2   12    3
  -22  -38  -26  -30  -29  -32  -27  -26  -14   10   10  -44
  -15   -6    3  -14    1  -12   -6   -7   -3  -21   23    8
    1  -16    6  -16  -12    3   21   18   -8   12   -4   19
   41  -16  -10   18   -2  -30   -6   -9   14   20    1   -8
  -23  -15  -14   -6   -3  -15    1  -13   -2    0  -24  -37
   -4    2  -22  -22   18    1   14   13    3    8   18   20
  -19   32   14  -35  -19   -6  -12  -14  -30    1  -19   -7
  -19  -35   -7    4  -21   -6   32    7    6   10   11   19
   -1   14  -11   -7   10    8    4   12   31   27   38    7
    9    8   27   35   16   -2   13   -3   16   38   20    0
    5   -9  -26  -10   11    1   -1  -17   -5   -2   -7   42
  -11   12   13    6   13   21   33   12   21   12    8   29
   12   24   -2    6   12   19   35   11  -16   13    2   10
   28    3    1    4   10   11   11    8    9    5   19   12
  -20    9  -14    6   -4   -9   17  -22    8   34   13   26
   37   16   10   -4   -6   -9    7    8   21   24    7  -11
    8   -6    2   18  -20  -22  -15   27   10    9    0  -25
    8    3   -6   12    8   -9   11   -6    5  -14    0  -19
   -1   13   26   17    7    4   10    8    5   30   27   -7
   26   -8  -21   -7    7   14   -9  -14   -1    2  -13  -10
    9  -29  -11  -27  -11  -16   -2  -12   -3    6   -4   -8
  -24  -28   -6  -18  -18   -7   -8  -29  -13  -14  -31  -10
  -32  -41   -9    1   11   -8   -6   14    4   11    8   21
   15   18  -10    1   -6   -4   12   15   18    4  -14    0
   15   12   20   14    3    9    3   16   12    9    7   22
  -23   -3   -6   -9  -14  -14  -20  -14  -14    6   24   -6
   27   -4  -31  -12  -11  -11   -8   16   -8    6  -19  -24
  -18  -26  -28  -22  -22   -5   -6  -29   -6  -18  -16  -13
  -10   -1   -1   13    9   18   -6   14   14    2   18   22
   41   25   20   13   11  -14   14   -7   -5   12   11   -4
    8    8   25   13    0   11    9    1  -13   -5   -7   12
    8   28  -44  -20  -13   -4  -10   11    7   13   -8   20
    9   22    4   10   24   11    0    5   15   16    9  -12
    8   21   10   12  -12    9  -11   -8    5    5   10    1
    0   24  -21  -21  -12    0    9   17   26    6    3   -1
   -6  -15  -29  -38  -39  -13   -8  -29  -38  -33  -21  -33
   -3  -19  -10  -30  -12  -13  -27   -8  -20   -8  -13  -19
  -24   -6   14  -12   -9   -6   12  -10   -5  -25   -7   -7
   -7  -28    2   -7   11  -15    5    0    3   16    3   -1
  -20  -17   28  -10  -14   -7  -11   -8  -25    6   -9  -22
  -17  -27  -14   12   10    7   -8   -8    1    7    8   33
    7   27    8    5   -8    9    7  -10   15    6    3  -12
   -5  -15  -23   -8  -11  -24   -9    5    0   -5  -13  -12
  -34  -34   -9   -8   -4    6    3   17    4  -10   -9   10
   22   32   34   35   30   24   19    5    8   17    7   -5
   -8  -26   -5  -12   -2   -1   -1   11  -15   -9  -11   -6
    4    6   14    1   26    2    1  -27   -6   -8  -13  -24
   -8  -13  -37  -27  -27  -22  -22  -26  -19  -40  -22   -7
    7   19   24   26   29   27   23   26  -14   -8   16    7
    5   13   19   20   14   -4   13  -20    9   -3    6    4
   12  -15   18   18   -6   14   -2    8   18   18   24   46
   28   34   36   40   44   17   27   22   27   14   24   14
   56   50   60   44   26   33   51   54   22    7   19   44
    6   18   -9   -6   17   -5   13   -2   -1   -4    9   32
   42   34   38   32   45   23   19   45   47   22   27   14
   18    6   30    8   42  -10   16   22   19   13    2   -6
   23   -5   20   10   10   17   -2   32   18    6    0    8
   29   45   30   32   26   10   11   17    2    5    4   12
   37   49   18   34   21   47   51   12   28   30   28   49
   59   39   52   39   54   53   36   43   44   45    6   26
   14   35   35   28    8    7   38   40   45   32   13   27
   44   31   75   55   46   37   64   40   19   50   55   45
   42   52   34   62   32   61   55   48   50   24   22   24
   44   33   41   14   19   23    0    8  -12   -1  -10   13
   28   29   29   22   21   18   26   18    0   14    4   -1
   32    1   20   45   21   54   32   19   40   35   33   31
   44   78   42   44    9   41   56   50   32   57   42   28
   34   43   36   31   24   19   48   62   33   23   39   37
   35   39   48   25   29   54   17   34   30   41   52   49
   55  101   68   67   82   87   84   76   46   56   52   64
   50   69   29   21   34   50   52   43   44   43   38   34
   14   61   50   60   38   53   46   47   38   18   33   32
   48   51   57   42   59   54   58   57   58   48   73   63
   83   80  102   71   72   53   75   57   63   55   58   45
   78   63   56   57   74   53   54   75   71   75   55   74
   59   80   76   64   40   51   20   55   51   72   76   63
   87   80   86   75   65   72   69   64   85   88   77   77
   60   73   69   59   40   64   54   71   65   72   74   80
  109   78   77   84   80   53   65   74   69   72   62   60
   38   35   82   52   47   42   65   34   69   64   74   62
   68   70   59   68   70   75   74   79   86   67   76   66
   90   96  105   87   88   83   70   74