1880  1   -0.0405
1880  2   -0.6112
1880  3   -0.6933
1880  4   -0.3783
1880  5   -0.1633
1880  6   -0.1491
1880  7   -0.2866
1880  8   -0.2555
1880  9   -0.3264
1880 10   -0.6739
1880 11   -0.9799
1880 12   -0.6007
1881  1   -0.3467
1881  2   -0.2530
1881  3    0.0267
1881  4    0.0084
1881  5    0.0546
1881  6   -0.4711
1881  7   -0.2085
1881  8   -0.0081
1881  9   -0.3613
1881 10   -0.6570
1881 11   -0.9424
1881 12   -0.2163
1882  1    0.1302
1882  2   -0.2402
1882  3   -0.2676
1882  4   -0.7708
1882  5   -0.5194
1882  6   -0.4540
1882  7   -0.4633
1882  8    0.0272
1882  9   -0.2923
1882 10   -0.7486
1882 11   -0.4949
1882 12   -0.6973
1883  1   -1.1454
1883  2   -1.2526
1883  3   -0.5523
1883  4   -0.6872
1883  5   -0.3465
1883  6   -0.0228
1883  7   -0.3559
1883  8   -0.3769
1883  9   -0.3624
1883 10   -0.5504
1883 11   -0.7060
1883 12   -0.1346
1884  1   -0.3309
1884  2   -0.6771
1884  3   -0.9384
1884  4   -0.8961
1884  5   -0.6816
1884  6   -0.5399
1884  7   -0.7193
1884  8   -0.5764
1884  9   -0.6888
1884 10   -0.4004
1884 11   -0.7597
1884 12   -0.3430
1885  1   -1.2444
1885  2   -0.6385
1885  3   -0.3118
1885  4   -0.5443
1885  5   -0.6410
1885  6   -0.6451
1885  7   -0.5011
1885  8   -0.5667
1885  9   -0.4263
1885 10   -0.4408
1885 11   -0.2400
1885 12    0.3038
1886  1   -0.3579
1886  2   -0.9517
1886  3   -0.7019
1886  4   -0.2934
1886  5   -0.2940
1886  6   -0.4142
1886  7   -0.1680
1886  8   -0.1888
1886  9   -0.3387
1886 10   -0.5268
1886 11   -0.5925
1886 12    0.1130
1887  1   -0.9761
1887  2   -0.8802
1887  3   -0.2185
1887  4   -0.3912
1887  5   -0.0248
1887  6   -0.2958
1887  7   -0.2561
1887  8   -0.4590
1887  9   -0.1220
1887 10   -0.5701
1887 11   -0.1178
1887 12   -0.1099
1888  1   -0.7878
1888  2   -0.5555
1888  3   -0.6588
1888  4   -0.0653
1888  5   -0.4074
1888  6   -0.3578
1888  7   -0.0836
1888  8   -0.4329
1888  9   -0.1524
1888 10   -0.0802
1888 11   -0.3733
1888 12   -0.1005
1889  1   -0.6014
1889  2   -0.2028
1889  3    0.1404
1889  4    0.1668
1889  5   -0.2255
1889  6   -0.2659
1889  7   -0.1696
1889  8   -0.1381
1889  9   -0.4514
1889 10   -0.5714
1889 11   -0.9353
1889 12   -0.2536
1890  1   -0.5356
1890  2   -0.6291
1890  3   -0.5466
1890  4   -0.2767
1890  5   -0.7555
1890  6   -0.3558
1890  7   -0.0354
1890  8   -0.2847
1890  9   -0.3708
1890 10   -0.2471
1890 11   -0.7156
1890 12   -0.4217
1891  1   -0.7140
1891  2   -1.1576
1891  3   -0.2918
1891  4   -0.5168
1891  5   -0.4594
1891  6   -0.4988
1891  7   -0.2986
1891  8   -0.2921
1891  9   -0.1080
1891 10   -0.5543
1891 11   -0.8330
1891 12    0.1677
1892  1   -0.5411
1892  2   -0.2277
1892  3   -0.6187
1892  4   -0.6506
1892  5   -0.4212
1892  6   -0.2073
1892  7   -0.2510
1892  8   -0.2907
1892  9   -0.1206
1892 10   -0.0276
1892 11   -0.9828
1892 12   -0.7251
1893  1   -1.8612
1893  2   -1.6327
1893  3   -0.0587
1893  4   -0.4189
1893  5   -0.5338
1893  6   -0.1800
1893  7   -0.0896
1893  8   -0.3544
1893  9   -0.2008
1893 10   -0.1370
1893 11   -0.0567
1893 12   -0.2057
1894  1   -0.7232
1894  2    0.0993
1894  3    0.0429
1894  4   -0.5880
1894  5   -0.2280
1894  6   -0.4717
1894  7   -0.2620
1894  8   -0.1705
1894  9   -0.3086
1894 10   -0.2200
1894 11   -0.4752
1894 12   -0.2764
1895  1   -1.0659
1895  2   -0.7281
1895  3   -0.1813
1895  4    0.0718
1895  5   -0.2899
1895  6   -0.3813
1895  7   -0.2588
1895  8   -0.2653
1895  9   -0.1212
1895 10   -0.0675
1895 11   -0.1823
1895 12   -0.0018
1896  1   -0.0457
1896  2   -0.1377
1896  3   -0.6650
1896  4   -0.7401
1896  5   -0.1354
1896  6   -0.1043
1896  7   -0.0546
1896  8    0.0106
1896  9   -0.1196
1896 10    0.0531
1896 11   -0.8050
1896 12   -0.0420
1897  1   -0.5456
1897  2   -0.4272
1897  3   -0.8505
1897  4    0.0134
1897  5    0.0746
1897  6   -0.2116
1897  7    0.0579
1897  8   -0.0329
1897  9    0.2176
1897 10   -0.1098
1897 11   -0.3484
1897 12   -0.4827
1898  1    0.4161
1898  2   -0.4357
1898  3   -1.5346
1898  4   -0.4138
1898  5   -0.2808
1898  6   -0.0837
1898  7   -0.2153
1898  8   -0.1121
1898  9   -0.1383
1898 10   -0.5631
1898 11   -0.3922
1898 12    0.2860
1899  1    0.1697
1899  2   -0.5564
1899  3   -0.4516
1899  4    0.0086
1899  5   -0.1097
1899  6   -0.4717
1899  7   -0.1406
1899  8   -0.0912
1899  9    0.1209
1899 10    0.0849
1899 11    0.7523
1899 12   -0.5497
1900  1   -0.9626
1900  2   -0.2673
1900  3    0.1286
1900  4   -0.2534
1900  5    0.0198
1900  6   -0.0563
1900  7   -0.1843
1900  8   -0.0420
1900  9   -0.0482
1900 10    0.3271
1900 11   -0.3297
1900 12    0.2848
1901  1   -0.3132
1901  2   -0.0831
1901  3    0.3677
1901  4    0.1386
1901  5   -0.0714
1901  6    0.0436
1901  7    0.0907
1901  8    0.0583
1901  9   -0.0662
1901 10   -0.4061
1901 11    0.0216
1901 12   -0.3903
1902  1    0.3570
1902  2    0.6276
1902  3   -0.0654
1902  4   -0.3908
1902  5   -0.2072
1902  6   -0.1994
1902  7   -0.2330
1902  8   -0.1857
1902  9   -0.1717
1902 10   -0.3675
1902 11   -0.6054
1902 12   -0.6608
1903  1   -0.1031
1903  2    0.3905
1903  3   -0.2937
1903  4   -0.4480
1903  5   -0.5158
1903  6   -0.4773
1903  7   -0.3929
1903  8   -0.2922
1903  9   -0.3303
1903 10   -0.5770
1903 11   -0.5089
1903 12   -0.4663
1904  1   -0.7738
1904  2   -0.4247
1904  3   -0.5880
1904  4   -0.5201
1904  5   -0.2754
1904  6   -0.3282
1904  7   -0.4427
1904  8   -0.2518
1904  9   -0.4326
1904 10   -0.3911
1904 11    0.3891
1904 12   -0.0200
1905  1   -0.1612
1905  2   -1.1704
1905  3   -0.6421
1905  4   -0.7171
1905  5   -0.2861
1905  6   -0.2010
1905  7   -0.0861
1905  8   -0.0786
1905  9   -0.1113
1905 10   -0.3003
1905 11    0.2066
1905 12    0.0362
1906  1   -0.0735
1906  2   -0.6484
1906  3   -0.1097
1906  4    0.3094
1906  5    0.1304
1906  6    0.1365
1906  7   -0.1348
1906  8   -0.0739
1906  9   -0.1479
1906 10   -0.1065
1906 11   -0.4528
1906 12    0.2072
1907  1   -0.4984
1907  2   -0.7542
1907  3   -0.3948
1907  4   -0.7139
1907  5   -0.9051
1907  6   -0.6603
1907  7   -0.4260
1907  8   -0.2995
1907  9   -0.2547
1907 10   -0.2751
1907 11   -0.8681
1907 12   -0.4594
1908  1   -0.1523
1908  2   -0.2446
1908  3   -0.9268
1908  4   -0.5663
1908  5   -0.2467
1908  6   -0.2797
1908  7   -0.1460
1908  8   -0.3038
1908  9   -0.1161
1908 10   -0.4979
1908 11   -0.4673
1908 12   -0.1764
1909  1   -0.8439
1909  2   -0.4344
1909  3   -0.6019
1909  4   -0.8624
1909  5   -0.4788
1909  6   -0.2439
1909  7   -0.2144
1909  8    0.0743
1909  9   -0.0220
1909 10   -0.1194
1909 11    0.3878
1909 12   -0.1892
1910  1   -0.0732
1910  2   -0.3020
1910  3   -0.3610
1910  4   -0.1573
1910  5   -0.1811
1910  6   -0.1748
1910  7    0.0444
1910  8   -0.0765
1910  9   -0.2172
1910 10   -0.3348
1910 11   -0.5052
1910 12   -0.7240
1911  1   -0.7072
1911  2   -0.6952
1911  3   -0.7534
1911  4   -0.4830
1911  5   -0.4114
1911  6   -0.3478
1911  7   -0.3270
1911  8   -0.2553
1911  9   -0.1996
1911 10   -0.1471
1911 11   -0.1042
1911 12   -0.1532
1912  1   -0.3182
1912  2    0.1436
1912  3   -0.6461
1912  4   -0.2286
1912  5   -0.1033
1912  6   -0.0943
1912  7   -0.4237
1912  8   -0.5470
1912  9   -0.6748
1912 10   -0.8268
1912 11   -0.4099
1912 12   -0.4133
1913  1   -0.3671
1913  2   -0.6759
1913  3   -0.6031
1913  4   -0.2150
1913  5   -0.4678
1913  6   -0.3456
1913  7   -0.1597
1913  8   -0.0620
1913  9   -0.2373
1913 10   -0.3082
1913 11    0.2536
1913 12    0.5538
1914  1    0.8377
1914  2    0.1508
1914  3   -0.0509
1914  4   -0.2153
1914  5    0.1698
1914  6    0.0365
1914  7   -0.1459
1914  8   -0.0891
1914  9   -0.0457
1914 10    0.0497
1914 11   -0.2343
1914 12   -0.2313
1915  1   -0.1947
1915  2    0.1882
1915  3   -0.1303
1915  4    0.2418
1915  5    0.0976
1915  6   -0.0311
1915  7    0.0641
1915  8   -0.0084
1915  9   -0.1042
1915 10   -0.4452
1915 11    0.2541
1915 12    0.3543
1916  1   -0.0133
1916  2   -0.1113
1916  3   -0.4597
1916  4   -0.2035
1916  5   -0.1835
1916  6   -0.3651
1916  7   -0.1325
1916  8   -0.1655
1916  9   -0.2001
1916 10   -0.2141
1916 11   -0.4149
1916 12   -1.0861
1917  1   -0.4602
1917  2   -0.7605
1917  3   -0.7374
1917  4   -0.4643
1917  5   -0.6760
1917  6   -0.3841
1917  7   -0.1481
1917  8   -0.2449
1917  9   -0.1230
1917 10   -0.5823
1917 11    0.0257
1917 12   -1.1710
1918  1   -0.3218
1918  2   -0.4108
1918  3   -0.2230
1918  4   -0.6290
1918  5   -0.5466
1918  6   -0.2680
1918  7   -0.2190
1918  8   -0.1649
1918  9   -0.1099
1918 10    0.1282
1918 11   -0.2148
1918 12   -0.6351
1919  1   -0.5166
1919  2   -0.0966
1919  3   -0.4334
1919  4    0.1039
1919  5   -0.3139
1919  6   -0.2123
1919  7   -0.0022
1919  8   -0.0224
1919  9   -0.0180
1919 10   -0.1919
1919 11   -0.6108
1919 12   -0.3337
1920  1    0.1768
1920  2   -0.3918
1920  3    0.1571
1920  4   -0.2321
1920  5   -0.0660
1920  6   -0.2677
1920  7   -0.0320
1920  8   -0.0806
1920  9   -0.1523
1920 10   -0.2338
1920 11   -0.4035
1920 12   -0.7766
1921  1    0.5305
1921  2    0.0204
1921  3   -0.0158
1921  4    0.0473
1921  5    0.0769
1921  6    0.0841
1921  7    0.1120
1921  8   -0.1803
1921  9   -0.1190
1921 10   -0.0122
1921 11   -0.3290
1921 12    0.1238
1922  1   -0.5473
1922  2   -0.4840
1922  3    0.0685
1922  4    0.0719
1922  5   -0.1018
1922  6   -0.0874
1922  7   -0.1076
1922  8   -0.1532
1922  9   -0.1217
1922 10   -0.1397
1922 11    0.0967
1922 12    0.1142
1923  1   -0.0317
1923  2   -0.5280
1923  3   -0.1817
1923  4   -0.6632
1923  5   -0.2984
1923  6   -0.0497
1923  7   -0.2727
1923  8   -0.1249
1923  9   -0.0751
1923 10    0.1852
1923 11    0.4330
1923 12    0.3114
1924  1   -0.3828
1924  2   -0.1878
1924  3    0.0214
1924  4   -0.3941
1924  5   -0.1214
1924  6    0.0066
1924  7    0.0122
1924  8   -0.0932
1924  9    0.0178
1924 10   -0.0473
1924 11    0.2510
1924 12   -0.2957
1925  1   -0.3230
1925  2   -0.3359
1925  3    0.0823
1925  4    0.1820
1925  5   -0.1216
1925  6   -0.2053
1925  7   -0.1897
1925  8   -0.0078
1925  9    0.0734
1925 10   -0.1566
1925 11    0.3693
1925 12    0.7655
1926  1    0.7504
1926  2    0.6517
1926  3    0.5596
1926  4   -0.1904
1926  5   -0.1788
1926  6   -0.0644
1926  7   -0.1299
1926  8    0.0650
1926  9    0.0815
1926 10    0.2121
1926 11    0.2389
1926 12   -0.2481
1927  1   -0.2746
1927  2   -0.1021
1927  3   -0.3847
1927  4   -0.2801
1927  5   -0.1419
1927  6   -0.0071
1927  7    0.1033
1927  8   -0.0735
1927  9    0.3223
1927 10    0.5387
1927 11    0.2599
1927 12   -0.5428
1928  1    0.3091
1928  2    0.0545
1928  3   -0.2991
1928  4   -0.2237
1928  5   -0.0059
1928  6   -0.1507
1928  7   -0.0073
1928  8   -0.0387
1928  9    0.0397
1928 10    0.1507
1928 11    0.3424
1928 12    0.1622
1929  1   -0.7868
1929  2   -1.0493
1929  3   -0.0195
1929  4   -0.1792
1929  5   -0.1606
1929  6   -0.2586
1929  7   -0.2556
1929  8   -0.0951
1929  9   -0.0733
1929 10    0.2134
1929 11    0.2305
1929 12   -1.1777
1930  1   -0.5317
1930  2   -0.0590
1930  3    0.3233
1930  4   -0.1617
1930  5   -0.1790
1930  6   -0.0095
1930  7    0.1507
1930  8    0.1068
1930  9   -0.1290
1930 10    0.0169
1930 11    0.4796
1930 12    0.2155
1931  1    0.1486
1931  2   -0.5534
1931  3    0.1532
1931  4   -0.1574
1931  5   -0.1886
1931  6    0.1777
1931  7    0.3237
1931  8    0.2979
1931  9    0.3051
1931 10    0.4746
1931 11    0.0871
1931 12    0.2085
1932  1    0.9482
1932  2   -0.2297
1932  3   -0.2838
1932  4    0.3920
1932  5   -0.0883
1932  6   -0.0122
1932  7    0.1418
1932  8   -0.0417
1932  9    0.3218
1932 10    0.2858
1932 11   -0.1033
1932 12   -0.1484
1933  1   -0.4668
1933  2   -0.5449
1933  3   -0.3177
1933  4   -0.2492
1933  5   -0.1119
1933  6   -0.1345
1933  7   -0.0108
1933  8   -0.0319
1933  9   -0.1471
1933 10   -0.0066
1933 11    0.0542
1933 12   -0.5623
1934  1   -0.2910
1934  2    0.6104
1934  3   -0.2881
1934  4   -0.3618
1934  5    0.3319
1934  6    0.0973
1934  7    0.0325
1934  8    0.0471
1934  9   -0.2696
1934 10    0.0904
1934 11    0.4032
1934 12    0.2208
1935  1   -0.4247
1935  2    1.0685
1935  3    0.2050
1935  4   -0.5168
1935  5   -0.2340
1935  6   -0.1224
1935  7    0.0966
1935  8    0.0213
1935  9    0.1118
1935 10    0.2517
1935 11   -0.5997
1935 12   -0.2295
1936  1   -0.4551
1936  2   -0.7012
1936  3   -0.2111
1936  4   -0.2474
1936  5    0.0991
1936  6    0.0257
1936  7    0.3419
1936  8    0.0424
1936  9    0.0357
1936 10    0.2707
1936 11    0.3225
1936 12    0.3057
1937  1   -0.4199
1937  2    0.2946
1937  3   -0.4697
1937  4   -0.2453
1937  5    0.1678
1937  6    0.2998
1937  7    0.0645
1937  8    0.2156
1937  9    0.3425
1937 10    0.3818
1937 11    0.2358
1937 12   -0.1213
1938  1    0.2837
1938  2    0.2822
1938  3    0.4084
1938  4    0.5519
1938  5    0.1880
1938  6   -0.0543
1938  7    0.1605
1938  8    0.1640
1938  9    0.3530
1938 10    0.4409
1938 11    0.5124
1938 12   -0.2063
1939  1    0.2964
1939  2    0.1825
1939  3   -0.2713
1939  4   -0.1333
1939  5    0.2267
1939  6    0.1769
1939  7    0.1936
1939  8    0.2223
1939  9   -0.0553
1939 10   -0.1373
1939 11    0.1214
1939 12    1.2881
1940  1   -0.4790
1940  2    0.1751
1940  3    0.1105
1940  4    0.2608
1940  5   -0.0449
1940  6    0.1366
1940  7    0.2053
1940  8   -0.0192
1940  9    0.2597
1940 10    0.0593
1940 11   -0.0410
1940 12    0.4574
1941  1    0.0765
1941  2    0.3149
1941  3    0.0305
1941  4    0.2485
1941  5    0.1887
1941  6    0.2059
1941  7    0.2657
1941  8    0.1957
1941  9   -0.1446
1941 10    0.3742
1941 11   -0.0385
1941 12   -0.0164
1942  1    0.4006
1942  2   -0.2312
1942  3    0.0477
1942  4    0.0162
1942  5    0.0299
1942  6    0.1785
1942  7   -0.0603
1942  8   -0.0650
1942  9    0.1069
1942 10    0.2329
1942 11    0.3413
1942 12    0.1851
1943  1   -0.3594
1943  2    0.3425
1943  3   -0.1222
1943  4    0.2459
1943  5    0.2334
1943  6   -0.2476
1943  7    0.0777
1943  8   -0.0488
1943  9    0.0359
1943 10    0.4000
1943 11    0.1771
1943 12    0.6541
1944  1    0.7855
1944  2    0.4110
1944  3    0.3876
1944  4    0.0205
1944  5    0.1628
1944  6    0.2313
1944  7    0.2213
1944  8    0.1620
1944  9    0.4549
1944 10    0.3589
1944 11   -0.0600
1944 12   -0.3659
1945  1   -0.2157
1945  2   -0.6941
1945  3   -0.1764
1945  4    0.2426
1945  5   -0.1040
1945  6   -0.0393
1945  7   -0.0987
1945  8    0.3879
1945  9    0.1368
1945 10    0.2177
1945 11    0.0163
1945 12   -0.5499
1946  1    0.3717
1946  2    0.3635
1946  3   -0.1097
1946  4    0.3975
1946  5   -0.0179
1946  6   -0.2272
1946  7   -0.0254
1946  8   -0.0030
1946  9   -0.0058
1946 10   -0.0027
1946 11    0.0818
1946 12   -0.6876
1947  1   -0.2841
1947  2   -0.1128
1947  3    0.3660
1947  4    0.2527
1947  5    0.0570
1947  6    0.0551
1947  7   -0.0751
1947  8   -0.0485
1947  9    0.0604
1947 10    0.4947
1947 11    0.1755
1947 12   -0.0968
1948  1    0.6112
1948  2   -0.0311
1948  3   -0.3364
1948  4    0.0188
1948  5    0.2382
1948  6    0.0906
1948  7    0.0372
1948  8    0.0222
1948  9    0.0274
1948 10    0.1028
1948 11    0.0441
1948 12   -0.2032
1949  1    0.4481
1949  2   -0.4120
1949  3   -0.1744
1949  4    0.0333
1949  5    0.1058
1949  6   -0.2267
1949  7   -0.2141
1949  8   -0.0236
1949  9   -0.2107
1949 10    0.0149
1949 11    0.0596
1949 12   -0.4639
1950  1   -0.8247
1950  2   -0.5135
1950  3   -0.1340
1950  4   -0.2693
1950  5   -0.0246
1950  6   -0.1483
1950  7   -0.3249
1950  8   -0.4205
1950  9   -0.1795
1950 10   -0.2827
1950 11   -0.9091
1950 12   -0.2478
1951  1   -0.6168
1951  2   -1.0376
1951  3   -0.3189
1951  4   -0.1257
1951  5    0.1788
1951  6   -0.0713
1951  7    0.0429
1951  8    0.0795
1951  9    0.2706
1951 10    0.1506
1951 11   -0.0303
1951 12    0.5642
1952  1    0.2708
1952  2   -0.0239
1952  3   -0.4145
1952  4    0.0102
1952  5    0.0019
1952  6   -0.0002
1952  7    0.1335
1952  8    0.0164
1952  9    0.1004
1952 10   -0.2659
1952 11   -0.7689
1952 12   -0.1816
1953  1    0.2282
1953  2    0.3847
1953  3    0.4390
1953  4    0.3303
1953  5    0.1831
1953  6    0.1557
1953  7    0.0276
1953  8    0.1233
1953  9    0.1243
1953 10    0.1440
1953 11   -0.2676
1953 12    0.2486
1954  1   -0.7243
1954  2   -0.3082
1954  3   -0.2816
1954  4   -0.3293
1954  5   -0.4112
1954  6   -0.1048
1954  7   -0.1554
1954  8   -0.0202
1954  9    0.0342
1954 10    0.0668
1954 11    0.3860
1954 12   -0.2861
1955  1    0.5952
1955  2   -0.1170
1955  3   -0.7868
1955  4   -0.4478
1955  5   -0.1108
1955  6   -0.0160
1955  7   -0.2157
1955  8    0.0664
1955  9   -0.0546
1955 10    0.0306
1955 11   -0.3329
1955 12   -0.4974
1956  1   -0.5218
1956  2   -0.7227
1956  3   -0.4821
1956  4   -0.5490
1956  5   -0.4175
1956  6   -0.2465
1956  7   -0.3063
1956  8   -0.4355
1956  9   -0.4831
1956 10   -0.4424
1956 11   -0.4412
1956 12   -0.4456
1957  1   -0.3871
1957  2   -0.4604
1957  3   -0.3937
1957  4   -0.3099
1957  5   -0.1029
1957  6    0.0960
1957  7   -0.2361
1957  8   -0.0210
1957  9    0.0258
1957 10   -0.1021
1957 11    0.1443
1957 12    0.5977
1958  1    0.6716
1958  2    0.2961
1958  3    0.0110
1958  4    0.0668
1958  5    0.0965
1958  6   -0.1219
1958  7   -0.0049
1958  8   -0.0867
1958  9   -0.2284
1958 10   -0.0911
1958 11    0.1627
1958 12    0.2102
1959  1    0.1299
1959  2   -0.0216
1959  3    0.4944
1959  4    0.1993
1959  5   -0.1310
1959  6    0.1593
1959  7    0.0646
1959  8   -0.0165
1959  9    0.0514
1959 10   -0.2550
1959 11   -0.3893
1959 12   -0.1529
1960  1   -0.0688
1960  2    0.5585
1960  3   -0.8426
1960  4   -0.2907
1960  5   -0.4773
1960  6    0.1047
1960  7   -0.1473
1960  8   -0.0565
1960  9    0.0100
1960 10   -0.0661
1960 11   -0.3197
1960 12    0.5309
1961  1    0.2385
1961  2    0.3253
1961  3    0.3758
1961  4    0.1058
1961  5    0.1890
1961  6    0.1529
1961  7   -0.0460
1961  8   -0.0339
1961  9   -0.0487
1961 10   -0.2664
1961 11   -0.0310
1961 12   -0.2301
1962  1    0.3176
1962  2    0.4681
1962  3    0.2203
1962  4    0.1426
1962  5    0.0144
1962  6   -0.1558
1962  7   -0.0552
1962  8   -0.0575
1962  9   -0.0252
1962 10    0.1398
1962 11    0.1710
1962 12    0.2893
1963  1    0.0828
1963  2    0.8688
1963  3   -0.0411
1963  4   -0.1965
1963  5   -0.1732
1963  6   -0.1112
1963  7    0.1558
1963  8    0.1718
1963  9    0.2702
1963 10    0.5756
1963 11    0.3894
1963 12    0.0522
1964  1    0.0594
1964  2   -0.3869
1964  3   -0.3739
1964  4   -0.3647
1964  5   -0.1097
1964  6   -0.1967
1964  7   -0.1868
1964  8   -0.2353
1964  9   -0.3247
1964 10   -0.5399
1964 11   -0.1948
1964 12   -0.4318
1965  1    0.0684
1965  2   -0.4826
1965  3   -0.1338
1965  4   -0.4334
1965  5   -0.1079
1965  6   -0.0887
1965  7   -0.1833
1965  8   -0.2248
1965  9   -0.2176
1965 10    0.0903
1965 11   -0.3219
1965 12   -0.0353
1966  1   -0.1959
1966  2   -0.1487
1966  3    0.0218
1966  4   -0.3439
1966  5   -0.0851
1966  6    0.1131
1966  7    0.1000
1966  8    0.0179
1966  9    0.0501
1966 10   -0.1960
1966 11   -0.2632
1966 12   -0.5724
1967  1   -0.3025
1967  2   -0.4549
1967  3    0.0140
1967  4    0.0950
1967  5    0.2553
1967  6   -0.2681
1967  7   -0.1829
1967  8   -0.1970
1967  9   -0.1718
1967 10    0.4655
1967 11    0.0220
1967 12    0.0343
1968  1   -0.4084
1968  2   -0.1430
1968  3    0.8267
1968  4   -0.0844
1968  5   -0.2576
1968  6   -0.2808
1968  7   -0.2183
1968  8   -0.2410
1968  9   -0.2587
1968 10   -0.1655
1968 11   -0.2477
1968 12   -0.5647
1969  1   -1.1966
1969  2   -1.0261
1969  3   -0.1005
1969  4    0.0551
1969  5   -0.0241
1969  6   -0.1175
1969  7    0.0573
1969  8   -0.0549
1969  9   -0.1429
1969 10   -0.1087
1969 11    0.3489
1969 12    0.3829
1970  1   -0.0444
1970  2    0.4935
1970  3   -0.2413
1970  4    0.1774
1970  5   -0.0441
1970  6    0.0710
1970  7    0.0001
1970  8   -0.0970
1970  9   -0.0808
1970 10   -0.3015
1970 11   -0.0832
1970 12   -0.3134
1971  1    0.0078
1971  2   -0.4990
1971  3   -0.2575
1971  4   -0.2270
1971  5   -0.1517
1971  6   -0.2413
1971  7   -0.1533
1971  8   -0.1343
1971  9    0.0105
1971 10   -0.0895
1971 11    0.3330
1971 12    0.1266
1972  1   -0.9707
1972  2   -0.8485
1972  3   -0.0941
1972  4   -0.0720
1972  5   -0.1360
1972  6    0.0069
1972  7   -0.1429
1972  8   -0.0643
1972  9   -0.3012
1972 10   -0.1489
1972 11   -0.3010
1972 12    0.0729
1973  1    0.1632
1973  2    0.6837
1973  3    0.6357
1973  4    0.3657
1973  5    0.2384
1973  6    0.3380
1973  7    0.0926
1973  8   -0.0057
1973  9   -0.0774
1973 10   -0.0128
1973 11   -0.1130
1973 12    0.1827
1974  1   -0.7418
1974  2   -0.8358
1974  3   -0.0314
1974  4   -0.0158
1974  5   -0.1689
1974  6   -0.2098
1974  7   -0.0688
1974  8   -0.2157
1974  9   -0.3106
1974 10   -0.4739
1974 11   -0.3475
1974 12   -0.4643
1975  1    0.2386
1975  2   -0.0716
1975  3    0.2671
1975  4    0.1883
1975  5    0.1129
1975  6    0.0728
1975  7   -0.0237
1975  8   -0.2229
1975  9    0.0853
1975 10   -0.2680
1975 11   -0.2730
1975 12   -0.0515
1976  1    0.1241
1976  2   -0.3304
1976  3   -0.8099
1976  4   -0.0049
1976  5   -0.2797
1976  6   -0.3553
1976  7   -0.3260
1976  8   -0.3557
1976  9   -0.1664
1976 10   -0.9451
1976 11   -0.5839
1976 12   -0.2869
1977  1   -0.6984
1977  2    0.1380
1977  3    0.5139
1977  4    0.4489
1977  5    0.2591
1977  6    0.2961
1977  7    0.0539
1977  8   -0.1135
1977  9    0.0119
1977 10   -0.1672
1977 11    0.4349
1977 12   -0.0364
1978  1   -0.0083
1978  2    0.0160
1978  3    0.3507
1978  4    0.1741
1978  5   -0.1105
1978  6   -0.2161
1978  7   -0.1963
1978  8   -0.3624
1978  9   -0.1383
1978 10   -0.0856
1978 11    0.2347
1978 12   -0.1036
1979  1   -0.2162
1979  2   -0.2605
1979  3    0.1531
1979  4   -0.3322
1979  5   -0.0461
1979  6    0.0193
1979  7   -0.0279
1979  8    0.0122
1979  9    0.0425
1979 10    0.2055
1979 11    0.0989
1979 12    0.8051
1980  1    0.0259
1980  2    0.2371
1980  3   -0.1357
1980  4    0.3261
1980  5    0.3368
1980  6    0.1343
1980  7    0.0563
1980  8    0.0622
1980  9    0.0401
1980 10    0.0791
1980 11    0.5066
1980 12    0.2235
1981  1    0.9474
1981  2    0.6748
1981  3    0.7587
1981  4    0.6037
1981  5    0.2076
1981  6    0.1699
1981  7    0.0658
1981  8    0.2221
1981  9    0.0563
1981 10   -0.0501
1981 11    0.1089
1981 12    0.7257
1982  1   -0.2691
1982  2   -0.0455
1982  3   -0.2562
1982  4    0.2010
1982  5    0.0045
1982  6   -0.1456
1982  7    0.0663
1982  8   -0.0024
1982  9    0.0915
1982 10   -0.1751
1982 11   -0.3022
1982 12    0.6082
1983  1    0.7218
1983  2    0.6997
1983  3    0.4865
1983  4    0.1292
1983  5    0.1805
1983  6    0.0024
1983  7    0.2377
1983  8    0.3919
1983  9    0.3550
1983 10    0.1320
1983 11    0.8854
1983 12    0.2400
1984  1    0.2352
1984  2   -0.1784
1984  3    0.2490
1984  4   -0.0471
1984  5    0.4211
1984  6   -0.0016
1984  7   -0.0431
1984  8    0.0157
1984  9   -0.2300
1984 10   -0.0441
1984 11   -0.3642
1984 12   -0.8423
1985  1    0.0554
1985  2   -0.5592
1985  3    0.1491
1985  4    0.1600
1985  5    0.1833
1985  6   -0.0320
1985  7   -0.2208
1985  8    0.0514
1985  9   -0.1818
1985 10   -0.0662
1985 11   -0.1281
1985 12    0.0231
1986  1    0.6008
1986  2    0.3348
1986  3    0.4688
1986  4    0.3585
1986  5    0.2743
1986  6    0.2281
1986  7   -0.0224
1986  8    0.0103
1986  9   -0.1048
1986 10   -0.0650
1986 11   -0.1281
1986 12    0.0178
1987  1    0.2867
1987  2    0.9998
1987  3   -0.0630
1987  4    0.1949
1987  5    0.2893
1987  6    0.1506
1987  7    0.4441
1987  8    0.2268
1987  9    0.3286
1987 10    0.0034
1987 11   -0.0566
1987 12    0.7507
1988  1    0.6521
1988  2    0.1268
1988  3    0.5513
1988  4    0.5339
1988  5    0.3773
1988  6    0.5172
1988  7    0.3862
1988  8    0.2976
1988  9    0.3314
1988 10    0.2849
1988 11    0.2583
1988 12    0.7176
1989  1    0.0749
1989  2    0.4025
1989  3    0.5450
1989  4    0.2128
1989  5    0.2471
1989  6    0.1546
1989  7    0.1505
1989  8    0.1342
1989  9    0.1250
1989 10    0.2278
1989 11    0.0403
1989 12    0.5571
1990  1    0.4546
1990  2    0.4863
1990  3    1.5448
1990  4    0.7241
1990  5    0.4589
1990  6    0.4387
1990  7    0.1211
1990  8    0.2726
1990  9    0.2064
1990 10    0.4694
1990 11    0.8232
1990 12    0.5801
1991  1    0.5752
1991  2    0.6979
1991  3    0.2205
1991  4    0.7247
1991  5    0.4027
1991  6    0.5381
1991  7    0.3809
1991  8    0.2786
1991  9    0.3981
1991 10    0.3244
1991 11    0.2651
1991 12    0.1071
1992  1    0.8782
1992  2    0.7484
1992  3    0.5765
1992  4    0.1355
1992  5    0.2191
1992  6    0.0714
1992  7   -0.2339
1992  8   -0.1706
1992  9   -0.3281
1992 10   -0.1836
1992 11   -0.2989
1992 12    0.4297
1993  1    0.6093
1993  2    0.5607
1993  3    0.7216
1993  4    0.3064
1993  5    0.2518
1993  6    0.1799
1993  7    0.1057
1993  8    0.0707
1993  9   -0.1177
1993 10    0.1529
1993 11   -0.3217
1993 12    0.2037
1994  1    0.3320
1994  2   -0.4335
1994  3    0.5620
1994  4    0.5205
1994  5    0.5228
1994  6    0.4810
1994  7    0.2590
1994  8    0.1928
1994  9    0.3041
1994 10    0.5679
1994 11    0.6249
1994 12    0.3834
1995  1    0.9610
1995  2    1.5627
1995  3    0.7013
1995  4    0.4815
1995  5    0.1461
1995  6    0.6120
1995  7    0.3979
1995  8    0.7116
1995  9    0.5430
1995 10    0.6538
1995 11    0.6563
1995 12    0.4102
1996  1    0.1212
1996  2    0.6105
1996  3    0.1794
1996  4    0.0153
1996  5    0.4294
1996  6    0.2485
1996  7    0.2566
1996  8    0.1505
1996  9    0.0330
1996 10    0.0505
1996 11    0.0891
1996 12    0.4369
1997  1    0.5041
1997  2    0.6499
1997  3    0.6460
1997  4    0.6172
1997  5    0.3595
1997  6    0.5463
1997  7    0.4440
1997  8    0.4924
1997  9    0.6951
1997 10    0.7297
1997 11    0.3787
1997 12    0.6382
1998  1    0.5809
1998  2    1.5542
1998  3    0.7554
1998  4    1.1149
1998  5    0.8132
1998  6    0.8026
1998  7    1.0164
1998  8    0.9464
1998  9    0.6719
1998 10    0.5791
1998 11    0.2204
1998 12    0.9299
1999  1    0.8632
1999  2    1.5476
1999  3    0.1695
1999  4    0.7001
1999  5    0.5458
1999  6    0.5277
1999  7    0.5408
1999  8    0.4286
1999  9    0.5077
1999 10    0.5678
1999 11    0.4941
1999 12    1.2189
2000  1    0.3571
2000  2    0.9667
2000  3    0.9766
2000  4    1.2969
2000  5    0.7030
2000  6    0.5379
2000  7    0.4332
2000  8    0.5664
2000  9    0.3955
2000 10    0.0532
2000 11   -0.1596
2000 12    0.0838
2001  1    0.6609
2001  2    0.3981
2001  3    1.0750
2001  4    0.7982
2001  5    0.8249
2001  6    0.6610
2001  7    0.6330
2001  8    0.8301
2001  9    0.5134
2001 10    0.5213
2001 11    1.2031
2001 12    0.5304
2002  1    1.2625
2002  2    1.5956
2002  3    1.3858
2002  4    0.6612
2002  5    0.6220
2002  6    0.7309
2002  7    0.8880
2002  8    0.6578
2002  9    0.6886
2002 10    0.4176
2002 11    0.8591
2002 12    0.2124
2003  1    1.1128
2003  2    0.7608
2003  3    0.6446
2003  4    0.6084
2003  5    0.7871
2003  6    0.5797
2003  7    0.5141
2003  8    0.6706
2003  9    0.7122
2003 10    1.0482
2003 11    0.5665
2003 12    1.2661
2004  1    0.7518
2004  2    1.1691
2004  3    1.1123
2004  4    0.7632
2004  5    0.3757
2004  6    0.5119
2004  7    0.3709
2004  8    0.3853
2004  9    0.4761
2004 10    0.7266
2004 11    1.3419
2004 12    0.5296
2005  1    0.8585
2005  2    0.5054
2005  3    1.2047
2005  4    1.2028
2005  5    0.9024
2005  6    0.9473
2005  7    0.8741
2005  8    0.6457
2005  9    1.0171
2005 10    1.0744
2005 11    1.3159
2005 12    0.9402
2006  1    0.4418
2006  2    0.9957
2006  3    0.9328
2006  4    0.5872
2006  5    0.5211
2006  6    0.9112
2006  7    0.8165
2006  8    0.7319
2006  9    0.7790
2006 10    0.9659
2006 11    0.7699
2006 12    1.3297
2007  1    1.7446
2007  2    1.0154
2007  3    1.1109
2007  4    1.4152
2007  5    0.8493
2007  6    0.6079
2007  7    0.6490
2007  8    0.7571
2007  9    0.9146
2007 10    0.9310
2007 11    0.9621
2007 12    0.8619
2008  1    0.0781
2008  2    0.5715
2008  3    1.8301
2008  4    0.7280
2008  5    0.6574
2008  6    0.6969
2008  7    0.7255
2008  8    0.6190
2008  9    0.5179
2008 10    1.0493
2008 11    1.1610
2008 12    0.7060
2009  1    0.8691
2009  2    0.8663
2009  3    0.8405
2009  4    1.0504
2009  5    0.6659
2009  6    0.6851
2009  7    0.5226
2009  8    0.7845
2009  9    0.9738
2009 10    0.7465
2009 11    0.7489
2009 12    0.3425
2010  1    0.8192
2010  2    0.8676
2010  3    1.3711
2010  4    1.2075
2010  5    1.0404
2010  6    1.0724
2010  7    1.0411
2010  8    0.8970
2010  9 -999.0000
2010 10 -999.0000
2010 11 -999.0000
2010 12 -999.0000
