-0.4412021
-1.06002
0.3089071
-1.016111
-0.1732502
0.1213067
1.290563
-0.07696584
-0.8419294
0.1637861
-0.3019196
0.01727713
0.04317976
-0.1382409
0.09506115
-0.8326876
-0.7518832
-0.2108408
-0.5998077
0.220936
0.0970574
-0.2914553
-0.203639
0.1151513
0.0354045
0.2739607
-0.2474155
-0.1859642
-0.8277382
0.3657616
-0.06235247
-1.327493
-0.3437051
-0.3994558
-0.1912134
0.8711489
-0.6617438
-0.9503864
0.3666029
-0.3941524
-0.5895374
0.175382
0.5151331
-0.238839
0.8060866
-0.264925
0.03658314
-0.05487972
-0.1373312
0.911999
-0.2272212
-0.6115111
-0.07326679
0.02748134
0.02747379
-0.4588848
-1.184431
-0.2516428
0.1491981
0.7056668
-0.2408524
0
-0.7073745
1.225415
-0.4994923
0.4718081
-0.4532638
0.5178484
-0.5734915
-0.009276868
-0.5768531
-0.2709649
-0.7513183
0.2071759
-0.1694756
-0.1320132
0.3391111
-0.4146255
0.5555831
-0.3103694
-0.2357713
-0.2552589
0.06624084
0.2079003
1.229081
0.5115576
0.01855288
0.05563798
-0.623055
-0.5050043
-0.3757284
0.2256064
0.2063597
0
-0.2909025
-0.1034272
-0.499836
0.1511573
-0.05665723
-1.10173
-0.3060739
-0.1629836
0.2587324
-0.884366
-0.01931248
-0.270767
-0.3006354
1.369752
0.1148985
0.25804
0.3715528
-0.9554821
0.03839509
-1.177733
0.3005771
0.3768667
-0.4349724
0
-0.06783275
0.541378
0.7300705
-0.7204296
-0.3476585
-0.2615394
-0.720338
0.078125
0.04879715
-0.2442242
-0.2546275
-0.1177394
-0.4624854
0.3642633
0.3825222
0.04893565
-0.166479
0
2.104524
1.012135
-0.1616354
-0.1142531
1.456428
-0.2255852
0.1598421
0.7021515
-0.2335031
-0.3090614
0.1780611
0.8020187
0.2504756
-0.2133285
-0.7081655
0.5408947
-0.8593365
-0.2253945
-0.6413906
-0.104142
-0.3035767
-0.1902045
1.305106
0.1033009
-0.9525229
-0.4463657
-0.4292466
-0.1913693
0.1818095
-0.1435064
1.293654
0.009450456
1.006073
-0.7889587
-0.2265648
0.08502197
-0.4448027
-1.346404
-0.01922892
0.07689351
-0.2212284
0.3172622
-0.1825432
0.08650935
0.4983717
0.3816799
-0.8128182
0.4884833
-0.3349766
0.7449891
0.9847632
0.2822734
0.7022172
-0.1400495
-0.09347542
0.1028182
0.1586931
-0.8524243
1.001553
0.1953943
0.3803873
0.811588
-0.2206897
-0.2765488
-0.62969
0.398647
-1.210105
-0.1124438
-0.828474
-0.4358131
-0.1235096
-0.009507059
-0.228441
0.1142857
-0.2000858
-0.4301082
-0.3838776
-0.3564036
0.3660185
0.3359412
-1.166222
0
-0.02908809
0.878596
-1.024164
0.1552645
0.1356589
-0.6411524
-0.8318294
-0.383991
-0.3656673
-0.2279825
-0.1787843
-0.3585304
-0.06986377
2.328899
-0.2930548
0.4002934
-0.9988332
-0.02952901
-0.3747909
-0.5250916
-0.009933939
1.018047
-0.7997278
-0.218319
0.2678706
-0.1288852
0.8102011
-0.3351408
0.07895776
-0.6731366
-0.2287079
-0.2092781
0.4578489
0.8405488
1.505111
0.2518893
-0.1064911
-0.2910081
-0.4088393
0.6804731
-0.3980008
-0.1070508
-1.392316
-0.06913922
-0.05930026
0.1777954
-0.3262001
-0.8052134
0.2193421
-0.2992222
-1.216034
-1.271958
-0.08195882
-0.266831
0.3795071
1.210903
-1.292836
0.2353785
0.8042802
0.5258912
-0.495476
-0.1826299
-0.6520655
0.5199584
0.08131735
0.213144
-0.1318927
2.109571
-0.4283515
-0.8622472
-1.706145
-0.9674839
-0.2692628
0.5893622
-0.8385576
-0.01039663
-0.1560793
-0.4487823
0.1672241
1.121507
-0.2584916
-0.1139483
-0.04146797
0.5377469
0.1442853
-0.1649145
0.1649145
-0.07211663
-0.9839031
0.8601535
0.3399437
-0.815741
-0.3219277
-0.9405441
0.7322974
-0.2086812
-0.1463364
0.292459
0.613467
-0.6969394
0.1043297
-0.02085723
0.03128422
-0.4179298
-0.2830932
0.4191121
-0.1464895
-0.7673344
-1.146144
0.07468659
0.03199147
0.1810919
-1.404021
-0.5194255
-1.464507
0.06603566
0.3404913
-0.5718071
-1.97122
0.1797955
0.5151187
-0.03351394
0.8123341
0.8167816
-0.8389496
0.6519
0.6367351
-0.9345349
-1.468815
0.3468923
-0.0670466
1.001009
-0.04427718
0.706093
-0.2642009
2.589634
0.04295533
0.1501985
-0.2253824
1.334136
0.4126335
1.039871
0.3129893
-0.543139
-0.2306806
0.1887782
0.7827624
-0.301942
-0.6276171
1.230592
-0.2698497
-0.6778273
-1.073017
-0.6046801
-0.4265308
0.2561367
0.6586659
0
0.7489882
0.3147956
-0.1992555
0.2306806
-0.2201836
-0.4523705
0.3893717
-0.2523926
-1.015989
-0.6616886
0.3740719
-0.245661
-0.3106092
-0.916004
0.5936657
0.5473585
-0.3108755
0.8233139
0.2339929
-0.8749522
-0.9151165
0.2160761
-0.4109447
-0.9910236
-1.045172
0.3642991
0.3300333
-0.949025
-0.3109386
0.9519665
-0.342107
-0.09954101
1.078593
0.08753694
0.09838755
-0.9220702
-0.4531646
-0.6891979
0.02230649
0.6779687
-0.04431642
-0.244092
-0.4007129
-0.4695369
-0.516797
1.287019
-1.309549
-1.979812
0.4357305
-0.873368
-0.4627496
-0.3252035
0.5105604
-0.2665587
-0.5235919
-0.5732686
-0.1056524
-0.6126315
1.128097
2.708943
-0.627462
0.8773485
-0.1135074
0.2382169
0.1245542
-0.3514145
-0.7408708
-0.1717525
-0.4709675
-0.0575871
0.02303882
0.3793762
-0.818024
-0.8831105
-0.9263125
0.2118146
-1.372965
0.1786034
-0.07140307
-0.4294924
0
-1.130227
0.01209117
1.619032
0.3088255
0.6383755
1.148226
0.116428
0.2324501
-0.3488781
-0.01165026
-0.2800142
0.1751007
0.5930595
-0.2089137
-0.3958096
-0.03499971
-0.4443932
-0.1877054
-0.3529
-0.3305008
-0.414668
-0.487951
1.397961
0.5514181
0.3503858
1.354893
0.8133386
1.247182
-0.8032172
0.8257498
0.1575867
-0.5978922
-0.7609782
0.04559444
-0.2281804
1.169604
1.379023
-0.5806828
-0.3028436
1.737237
0.5943881
1.286682
0.6694766
0.12906
-0.5064393
1.405226
0.8168507
0.08448622
-0.2642568
0.916616
-0.5152212
-0.9426538
-0.1064736
1.40691
-0.3577821
-1.187713
-0.7280546
1.493202
-0.882562
0.1174148
0.1598892
-1.405075
-0.4221471
-0.06510417
-0.3479399
0.899979
0.4738325
0.8131866
-0.2881385
0.4052907
-0.9733218
0.2897775
-1.587935
0.8996863
0.215587
-0.8977401
-0.07608283
-1.53394
1.152656
-0.7229739
-0.2091015
-0.08817371
0.2862808
-0.02199252
0.3841726
0.9160369
0.8539208
0.5260063
-0.5475348
0.2580369
-0.4196488
0.07545136
0.3656704
-0.1611604
-1.647912
-0.1641048
-0.9571557
-1.301826
0.6252114
0.7650129
-0.9320973
-0.9971513
0.5054203
0.3243669
-0.5037794
-0.3147485
-0.8479897
-0.1477189
0.3405611
1.194111
0.9251585
-0.4113631
0.2892426
0.1332149
-1.452702
-0.3156711
0.7424941
-0.3818084
-0.292958
-0.5431106
0.0226886
1.049375
1.371183
-0.80036
-0.1563722
0.2902112
0.4337437
-0.9701777
-0.5618624
0.7074309
-0.1343635
-0.3816799
0.4824694
-0.2016807
-0.7655971
-0.03391172
-0.6010111
-0.3760474
-0.125664
0.4562052
0.6125941
-0.1584607
-0.6135686
-0.1368613
-1.205595
-0.6838624
-0.3261885
0.08164694
-0.3503858
0.338726
-1.420962
-0.03548826
-0.03550086
0.648855
-0.6133541
0.6368697
-0.0117571
-0.945075
0.6389042
0.6699996
0.7237104
0.348311
-0.208841
-0.60578
-0.6094721
0.4457485
0.303845
0.4772723
0.1392596
-0.02319647
-1.767058
0.04721435
-0.224467
0.2598631
-1.270273
1.128613
0.1062637
0.9747009
0.6639125
-0.9799425
-0.03517617
0.2576717
0
1.762364
-0.1265022
0.2643224
-0.425557
0.8721653
0.5128509
-0.3644236
-0.182711
0.01142922
0.02285453
0.4673705
0.2271954
0.3398281
-0.4647217
-0.3072199
0.03418219
1.222841
0.6058585
0.4798313
0.4664602
0.9813189
0.262985
0.2950338
-0.4154828
-0.1315645
0.8629689
-0.3050111
-0.5469875
-0.1976502
0.04395604
-0.05494808
0.6246253
-0.7016034
-2.472562
0.326485
0.5156962
1.123045
-0.62112
0.897165
0.2202887
1.202989
-0.01087134
0.3797954
0.8305068
-0.5925145
-1.699943
0.3948672
0.9478744
0.09754512
-0.5431254
-0.8971614
0.6572485
-0.1092419
0.3491547
-0.4366342
0.2949371
-0.1965281
-0.3503397
-1.213741
0.7740833
-0.01101625
0.1871114
-0.3194011
-0.442234
-0.4219416
-0.9053882
-0.1460756
0.3591877
0.4471779
-0.4920059
1.291921
0.2541859
-0.7422623
0.5655057
-0.07742935
-0.8222269
0.1337942
0.2670526
-0.9939219
0.2801907
-1.397521
0.2040817
-0.1813854
0.4076554
-0.7714162
0.5791193
-0.5791193
-0.125349
0.4664135
0.01134881
0.5770879
0.180363
0.885805
-0.6832847
0.01123911
-0.4731337
0.675222
-0.1234499
-0.2361011
0.2248708
0.4594103
0.3459632
0.7547206
-0.044238
-0.2325711
-0.2442275
-0.2782572
-1.211049
-1.031931
0.05697681
0.7377594
-0.2377584
0.8915028
1.449947
-0.432781
-0.5128788
-0.1678134
-0.0672043
-0.4829571
0.4829571
-0.2243411
0.3363232
-0.2465263
-0.8902972
-0.3856192
0.4987542
-0.06786563
-0.02263212
-0.6130113
-1.456698
-0.5793759
0.4406315
0.05783356
-0.6263795
0.2208404
0.832471
-0.1497955
0.2418659
-0.03451648
0.4248729
0.5826923
-0.1139861
-0.434336
-0.1949207
0.1949207
0.3887052
-0.6754849
0.08038124
0.5151995
-0.5037217
-0.3564246
-0.4617879
0.1849712
-0.06932409
0.6107065
-0.06894967
0.8356754
0.2618548
-0.4901133
0.1826485
-0.1026987
0.1255063
0.5231446
0.07936958
0.03399626
-0.2382169
0.3514544
0
-0.5105815
-0.2619741
-0.01140576
-0.4687598
-0.172048
0.06885472
1.015817
-0.2729135
0.2501992
-0.2843658
0.2957236
-0.6266042
0.490225
0.01137204
0.3972087
-0.4199541
0.1136751
0.3176046
0.6209447
0.1462071
-0.0562082
-0.1800788
0.2250479
0.202111
0.7041889
0.0222742
0.5330977
-0.2884084
0.6643071
-0.3316019
1.11204
0.3606758
-0.196571
-1.18761
0.5295688
0.3076249
-0.09877628
-0.937731
0.5747142
0.3410532
1.103173
0.07600847
-0.2390786
0.8019115
-0.3459837
-0.1408985
0.7025157
0.3011079
0.6421942
-0.3634036
0.5446113
0.3614334
-0.3507843
0.7003424
-0.08462922
-0.03175443
-0.01058705
0.2960146
-0.3489667
0.08470987
-0.06352568
0.43329
0.6411963
1.063064
0.6097895
0.8311576
-0.965199
1.362935
0.6088299
-0.293805
0.374703
-0.5371725
-0.2442004
-0.8799811
1.418463
0.6967262
-0.4841648
0.3734172
-0.2319602
1.682058
0.1488169
-0.08926358
-0.1092083
0.8801916
-0.5727279
-1.647484
0.1207365
0.5215136
-1.157013
-1.047769
1.017406
-0.8437153
0.4786404
0.3954378
-0.3649639
-2.114417
1.011465
-0.876701
0.6299396
0.656682
0.09200103
0.8140881
-0.5182148
0.2035417
-0.6221018
0.04091235
0.173691
-1.015758
0.2986153
0.05139539
0.8493272
0.06111847
0.09160772
-0.2342756
1.548222
-0.362137
-0.1210044
-0.6884709
-0.2644966
-0.6643185
-0.2875336
0.3797798
-0.1845776
-0.2054866
-0.3915916
1.068101
0.285627
0.2238503
-0.1729312
-0.07129399
-0.1835611
-0.4296242
0.1741179
1.089014
-0.2026548
-0.1725801
0.2942223
-0.5078215
-0.05092428
-0.2039568
0.732306
-0.07096153
-0.07101192
-0.4475191
0.1426098
-1.084854
-0.1029548
0.2469137
0.5124537
-0.1022809
-0.3074718
0.2562921
0.7751186
0.08124302
-0.1625521
0.4666269
0.9067159
-0.1806867
0.41109
-0.2003206
1.176132
0.4646343
-0.3359023
-0.4463186
-0.2587839
0.477233
0.009918175
0.2377416
-0.8246035
-0.3998406
-0.1804512
-0.2914136
-0.2418137
-0.1817448
0.3732289
-0.050355
0.4121644
0.3105126
-0.10006
0.9167977
0.06941346
-0.1488022
0.09922605
1.045787
0.362479
-0.1565864
0.5567236
-0.1266995
-0.3614874
0.4979263
-0.4979263
0.8576215
0.5129954
0.5103771
0.4695519
0.2387206
-1.189691
0.5486322
0.488343
-0.4787447
0.2683793
0.1912595
0.6475596
0
0.3411356
0.04728803
-0.06620951
0.8573231
0.1593476
0.485846
0.3535545
0.5372373
0.1200203
-0.04614462
0.258136
-0.7856952
-0.3439464
0.2046512
1.053809
-0.3039096
-0.1292109
-0.2496649
-0.5663633
0.06515568
-0.2888694
1.095139
-0.32358
-0.8462412
0.3356334
0.7141231
-0.3146985
-0.03708855
-0.009274287
0.1390241
-0.3153991
0.1485471
0.5181838
0.4420304
0.7688825
0.2731745
0.1544683
0.4348621
-0.3078318
-0.04534942
-1.39773
-1.342924
-1.115759
0.1695714
-0.3205433
0.2169505
-0.6427851
0.9344539
0.2720835
0.03747073
0.289923
0.5030285
1.274138
0.03669052
-1.282956
-0.2697551
-0.2331329
-0.8438077
0.5914122
0.355041
0.7526168
-0.48251
0.204423
0.2595719
0.6551954
0.3214108
-0.2294737
-0.2300015
0.9989544
-0.1551449
0.8186329
0.009058381
-0.3720681
0.09995912
1.532252
0.5174425
-0.3387114
0.6319277
0.7337049
-0.1233806
0.9915406
0.3921403
0.5118207
-0.5031239
-0.008696787
-0.357221
0.7391659
1.239899
-0.008557614
0.1880986
-0.05981117
0.7323545
0.5668614
-0.9408842
0.7889085
-0.5847227
-0.1871545
-0.3582705
0.05126015
1.374184
-1.485281
0.4095918
-0.4865774
0.6652477
0.02549828
0.5339675
0.1098298
-0.2621012
-0.8672786
-0.2736448
-0.5323272
-0.5871196
-0.4339155
0.8142098
-1.416122
-0.05251182
0.6892067
0.6758539
-0.4847655
-0.1823946
-1.418339
-0.6723904
0.407513
0.6960074
-0.7579132
-0.05309265
-0.5769844
-0.2138848
-0.4022711
0.6695557
0.9475386
-0.1852588
1.394209
-0.3751368
0.6273437
-0.13907
-0.2699997
-0.8671714
-1.203661
0.1868079
0.7525822
0.1057921
0.07046596
0.2901484
-0.6076369
0.2470226
-0.3972989
0.1149375
-0.6026784
0.05332385
-1.044979
-0.1887217
-0.1170064
-1.159433
-0.9612378
0.1929882
0.009180629
0.1192715
-0.09173471
0.8225986
-1.043106
-0.2486533
0.4966898
1.583867
0.4595224
0.5915586
0.04467277
-0.08042537
1.075901
-0.02653576
-1.22832
0.6516426
0.008897193
0.9386414
1.069529
0.1655413
-0.1306677
0.1045478
-0.01741705
0.8326154
0.6199434
0.4966189
0.07684099
-1.038057
0.944132
0.6641148
0.1780491
-0.9361771
0.9954564
-0.7477941
-0.6160184
0.1115066
-0.3004939
0.3519166
0.04283206
1.098772
-0.08474577
0.3216526
-0.6018242
-0.6225767
-0.1369746
0.1797407
-0.729523
-1.344165
0.3747118
-0.2089683
-0.4892976
0.7678251
0.08688098
1.13981
0.5479935
0.2728747
0.008515349
1.260752
0.1344425
-0.1176273
0.1512097
-1.224626
0.1443553
1.122233
0.6440034
-0.3256652
1.064902
0.07445093
-0.1323956
0.6602318
0.4923289
0.09817558
-0.1145475
-0.4183935
0.9816833
0.0488321
0.3087174
0.4289941
-0.04039262
0.0323154
0.2823152
-0.07251924
0.4664263
-0.1847019
0.3530454
0.2879311
0.6051456
-0.03969987
0.688539
0.7386487
-0.8491285
0.8412991
0.6321972
-0.3975838
-0.52473
-0.07069636
-1.090317
-1.545081
1.5133
0.2618945
0.789457
-0.8449531
-0.4610135
0.7223687
-0.1820845
-1.847387
0.507227
-0.2090201
1.080572
-0.07167603
0.4292876
0.695655
-0.1734606
0.4330886
0.6890639
-0.06244634
-0.4382197
0.7578457
-0.2805925
-0.9962039
-0.9664207
0.04774789
0.9738409
-1.500326
-0.4730036
-0.02411091
-0.08041171
-1.777428
-1.020585
1.126981
1.429408
-0.2422091
0.4596968
-1.638716
0.3429415
-0.6296272
0.4256371
0.2202914
-0.5967239
1.586108
-0.9975347
0.8036736
-0.461932
-0.7992213
-0.3527051
-0.642983
0.4044078
0.5011718
0.7348772
0.5354982
-2.035465
-0.8375883
0.6722854
0.6760125
-0.6842848
0.1157503
-0.2813407
-1.208801
0.14248
-0.2179929
0.9273637
-0.0499085
-0.9110348
-0.4797383
0.06747069
-0.4986698
0.4143244
0.6392485
-0.816606
0.9674103
0.2508363
-0.3178323
1.157719
0.7342964
-0.6184312
-1.710156
-0.4300357
-0.1352951
0.783855
-0.9278069
0.6166862
1.130523
-0.316931
0.3668811
-0.7434978
0.6935478
-0.2584735
1.071216
-0.04130695
1.411248
-0.465478
-0.05731363
0.3270649
-0.3680233
0.4333081
0.5045173
-0.382223
-1.444424
0.107407
-0.8208661
0.5148658
0.5451856
-1.101689
0.2827915
0.6457511
-0.0660393
-0.1487481
-0.01654123
0.6595242
-0.2056345
0.3944454
-0.5675057
0.4526198
-0.1725768
1.218082
-0.1382283
0.7619393
0.04843788
-0.01614335
0.1693754
-0.8660165
0.6724212
-0.09693837
0.5159221
-0.04825479
-0.4353441
-1.243868
0.4000495
-1.237974
0.1071856
-0.6531378
-0.08298067
0.199038
-0.3153268
0.01662096
0.1411667
0.04977601
-0.05807442
1.825558
-0.08967514
0.3663455
-0.6849342
0.0163626
1.057866
-0.1701301
-0.03243857
-0.2436253
0.5594534
-0.3563911
-1.044055
-0.7985225
-0.07441399
-0.04964011
-0.4894448
0.1993853
1.105987
-0.03283803
-0.1232387
-0.9250149
0.3396152
0.5853997
0.2053136
0.760087
-0.252721
0.138668
-1.015903
0.08231131
0.1644196
-0.0164298
0.752991
-0.02446483
0.3013154
-0.3421035
0.4152593
-0.008125787
0.01625091
0.8817044
-0.1370029
-1.021327
0.3416026
-0.1462583
-0.09762448
1.068663
-0.7923075
-0.3985203
0.9893042
0.6835297
0.3360272
-0.03994408
0.8909454
-0.03960553
0.1345949
1.132889
-0.1957637
-0.2589963
0.2668343
-0.1019408
-0.03923569
-0.2986954
0.6590844
0.7479583
0.4260105
-0.01545953
-0.04639295
-0.03867724
0.3706854
-0.2237914
0.2700306
0.3998467
-0.3767352
0.5913769
-0.08426859
0.3213715
0.548531
0.9527482
-0.01505231
-0.2034282
0.3688791
-0.3010237
0.9153039
0.3057308
0.0446628
-1.386361
0.165875
-0.3773874
0.6407138
-0.2181354
1.11574
-1.063043
0.06019111
0.756813
-0.1419341
0.09713454
0.7514637
0.3330006
0.6553538
-0.02936211
-0.389864
0.4045462
-0.6258995
-0.4590221
-1.35223
-0.02256742
-0.7930855
-0.9524244
0.3591766
0.3958894
0.9076532
-0.558745
-0.7676851
-0.4818549
-0.05368304
-0.5924234
0.6920975
-0.06132618
-0.669362
0.9756175
-0.3752924
0.007673125
0.12269
-0.2455307
-0.0153657
-0.4312011
-0.247238
-1.198458
0.07825951
0.1094605
0.662022
-0.1398276
0.9054037
0.03851042
0.06158584
0.6825965
-0.06116676
1.178497
-0.1664272
-0.02271609
-0.07575758
0.5969265
-0.6424086
-0.4711971
0.02285105
0.8644931
-0.3100543
1.047288
0.3143009
0.186616
0.4167603
-0.8877012
-0.2325495
0.8078434
-0.3731905
-0.4646988
-1.102897
0.3412326
-1.564022
-0.3697716
-0.02315619
-0.5961846
0.2791782
0.2397804
0.1929534
-0.5644709
-0.4507663
0.03115265
0.202256
0.294871
0.0464792
0.4636077
-0.7661094
0.3489593
-0.7693242
0.8467056
0.8395967
-0.02301408
0.3523018
0.09933902
-0.1911243
-0.6448664
-0.1541545
-0.2007568
-0.1701865
0.02322431
-0.4810686
0.2485824
0.3639888
0
-0.8072071
0.05453625
0.2955361
-0.5763256
-0.7605196
-0.4812443
-0.1186944
0.1107858
0.1264622
-0.2530846
-0.595689
0.1751035
0.1033263
0.1111552
-0.6767811
0.4066181
-1.757881
-0.951962
0.2775739
-0.3184586
0.3347625
0.07333469
0.3496365
-0.847739
-0.7312196
-0.76153
0.02492419
0.5632884
-0.1405249
1.241333
-0.8203491
-0.04943561
-0.03297066
-0.6285168
0.281667
0.528054
-0.6108149
0.1902478
-0.02479441
-1.172327
-0.3350929
0.008391022
0.08387151
0.05028916
1.100011
1.104437
-0.9057287
-0.008271641
-0.4310709
0.3317578
-0.6312838
0.3742675
0.5546601
-0.2810848
-0.2071853
-0.3906742
0.3408858
0.6040814
0.06597938
0.5426752
0.1147353
1.042949
0.3721687
-0.4532586
0.2754376
-0.1133236
-0.01619958
0.7183533
-0.04826643
-0.532474
-0.1619171
-0.4222156
-0.9154878
-0.2548819
0.7218471
-0.1799739
0.2126616
0.5865597
0.1055409
-0.6185922
-0.3598892
1.027155
0.9444313
0.7284403
-0.4396314
-0.353102
-0.3140226
0.2657755
-1.173105
-0.2036578
0.1548177
-0.5388208
-0.01637331
-0.5006782
0.1972874
0.2542548
-0.4515422
-0.6273236
-0.3400659
-0.2079262
0.04161984
0.03328341
0.3156411
-1.201416
0.03356831
0.5522564
1.235659
-0.1484659
-0.8288485
0.2078571
-0.850785
1.124496
-0.2737114
-0.8424088
0.4095797
-0.05006258
-0.2005013
0.3339459
0.8382835
-0.1406063
0.5447805
-0.4868599
-0.7806052
0.02500729
0.5734485
-0.7987396
-1.201746
-0.2793889
-0.1866939
-0.2125761
-0.06811989
-0.6237471
0.2397056
-0.1968589
0.290872
0.2985459
-0.05963791
0.02556346
0.5268537
-0.6376759
0.6800434
-0.1526071
0.03393281
-0.7491947
-0.02563993
0.7493861
-0.02545501
-0.5275261
0.917126
-0.05073138
1.218861
-0.3599083
0.9596602
-0.6331772
0.3920429
-0.1332889
-1.241418
-0.2704532
0.5654262
-0.2190397
-0.008434192
0.1601281
-0.2445092
-0.03377237
1.158606
0.9222782
0.08267196
0.3876453
-0.6938736
-0.008289468
0.5950923
-0.8274768
0.5634285
-0.2481801
0.08279517
0.2232052
-0.07434637
1.435804
0.08956561
-0.2852604
-0.1879009
-0.8128457
-0.3220349
0.5526015
-0.5443312
0.06613757
-0.6550332
-0.4168062
0.02505742
-0.3262373
0.2343293
-0.3600892
-0.1259182
-0.08403362
-0.09251862
-0.01683077
0.2017825
0.05038207
-0.05878154
0.1510828
-0.3444658
-0.1853256
0.5465643
-0.2182674
0.8702256
0.2080647
-0.2163963
-0.9543815
0.2184691
0.05034824
-0.2856425
0.4700361
0.6926218
0.166182
0.8761835
0.3778549
-0.2380465
-0.7341147
0.1323736
-0.9219717
0.416355
-0.1580108
0.5229747
-0.3982086
0.844306
0.05768201
-0.1236451
1.099183
0.114146
-0.4573677
-0.879759
-0.1487604
0.2808063
-0.1485639
0
-0.008260026
1.321153
0.05704739
0.5767919
-0.154027
0.1135166
0.2670661
0.3147067
0.4180743
0.4882158
0.7873117
-0.1347549
0.2930579
-0.03955227
0.3554085
0.3855692
-0.1021491
0.2120392
0.4071093
0.4365798
0.2563805
-0.4822285
-0.0701946
-0.7439636
0.5721691
-0.3523198
0.781254
-0.04670351
-0.7580826
0.235073
-0.2978525
1.007546
-0.2723631
-0.0701563
0.6838696
0.317031
-0.969714
-0.2263239
-1.186794
-0.0949217
-0.3885348
-0.1033345
0.452292
-0.118826
0.05546971
-0.3650798
-0.07158481
0.7688383
-0.6575062
-0.4780124
0.2552243
0.2784077
-0.4538044
0.01595787
1.935825
0.1094948
-0.5251002
0.2432996
0.5082305
-0.5552746
0.0235248
-0.3770625
-0.2600577
-0.2528247
-0.8899542
-0.2317313
0.4788517
0.6270111
0.3554085
-0.426642
-0.4284701
0.4126335
0.8201939
0.1255887
0.1254312
0.1096234
0.1563967
-0.148571
0.8958888
-0.2096193
-0.2178481
0.3809232
-0.9589595
-0.06269101
-0.1726032
0.4153123
0.5925481
0.04663092
-0.4672906
0.8085878
-0.8554372
-0.07813111
-0.2661033
0.05484389
0.1330672
-0.1252348
0.445435
-0.2498245
0.3121832
-0.1793862
-0.1797086
-0.2348889
-0.6606394
0.2049504
-0.04725898
0.1181056
0.2200913
-0.6933529
0.1816818
0.09465963
0.1418216
0.2280682
0.517121
-0.3836672
-0.4718103
0.0945403
-0.01575051
-0.07878979
0.4482725
-0.1334852
-0.3147874
0
-0.6881033
-0.4693537
0.04783163
-0.0797321
-0.2795641
0.1278977
0.3667973
-0.3827756
0.6212684
0.1507518
-0.5485564
0.1672707
0.2067102
0.6175792
0.4410498
-0.06288814
0.4393887
-0.01565925
0.07044734
-0.5885832
0.07867821
0.7131412
-0.2423675
0.4685678
0.2023662
-0.397336
0.01561158
-0.03122561
0
0.1170458
-0.1014318
0.1092299
0.8077086
1.176529
0.2976988
0.3196107
-0.121636
0.8709867
0.4138923
0.08257329
0
-0.150184
-0.08269744
-0.611069
0.06051895
0.07559722
-0.1361162
-0.3107358
-0.6014712
-0.1681443
0.9213146
-0.083406
-0.06070263
-0.3345248
0.007615276
-0.05331912
0.251113
0.2959592
0.6721318
-0.8845267
-0.5711473
-0.6820211
0.1383126
-0.2152357
-0.4241379
-0.2785948
0.1703446
-0.06190992
0.2319648
-0.04634994
0.2006948
-0.08486018
0.5234405
-0.4694302
0.1233426
-0.5484969
0.3016594
0.04632847
0.3390879
0.1767939
-0.4695748
-0.2085506
0.277971
0.3924742
0.1074691
-0.2227429
-0.3311899
0.4771809
0.7801187
0.1066017
-0.02283366
-0.02283887
-0.06092917
0.06092917
0.2281543
-0.03798959
0.6589685
-0.1208642
-0.4317698
0.06829824
-0.6698153
0.1068621
0.3046925
-0.1446132
-0.08381911
0.5170328
0.09854085
0.2119126
0.1661883
0.4368135
-0.06013681
-0.060173
0.105279
0.4050411
-0.4275915
0.2552746
0.1573447
-0.1948442
0.03749953
0.2845378
0
-0.08228298
0.00748307
0.4628601
-0.3432071
-0.09720717
0.5148689
0
0.3566126
0.2518333
0.2364417
0.1401232
0.03684191
0.2281174
-0.02940528
-0.1545197
0.3088011
0.1833584
-0.4185489
0.2572112
0.2565514
-0.4402061
-0.01470696
-0.2356061
0.1546791
0.2132119
-0.6188321
0.1255493
-0.2734564
0.05179239
0.1847541
0.4346712
-0.5972368
-0.2072846
0.1259026
-0.4004752
0.05200401
0.1336006
-0.3938915
0.1711246
0.2301839
-0.475802
0.2530516
-0.09667944
0.3565066
0.2813358
-0.2516842
-0.2671814
-0.7234788
0
-0.2548345
-0.2253945
0.1202736
0.4048589
0.2689981
0.1118693
0.0745101
-0.2013048
0.2906437
0.08925915
0.1337395
-0.2602135
0.2453624
0.400208
0.7883048
-0.08809926
-0.1690742
0.2498348
-0.02201916
0.6657668
0.3130577
0.1380162
0.0870701
-0.02176042
-0.02176515
0.1884741
0.02172418
0.1447074
-0.1012732
0.0506494
-0.8207782
0.1384789
-0.6063503
0.2488292
0.2190421
-0.211733
0.0803653
0.6696291
0.02901284
-0.3050554
0.4427516
-0.7779311
-0.109541
-0.4540469
-0.3161186
-0.7538838
-0.5728969
0.6692968
-0.1780416
0.1113131
0.384929
0.1845359
0.6248872
0
-0.1393422
0.3589616
-0.1976358
-0.05130272
0
-0.2569092
0.4619623
0.2046336
0.5460715
0.159617
0.3112449
0.4830405
-0.1367448
-0.2668303
0.08661759
0.06491399
0.5823375
1.012775
-0.1136041
0.07101769
0.2977248
-0.01415729
0.08491368
0.5712891
0.07030371
-0.4649205
-0.1978939
-0.04953473
0.1838626
0
-0.4390009
0.4601941
0.5002653
-0.4225954
0.338219
-0.3593958
0.3031053
0.5824782
-0.1961197
-0.8802564
0.7750338
-0.07723364
0.4345395
0.6343916
0.1041848
0.1318117
0.3045828
-0.2283501
0.3181632
-0.08290156
0.5926147
0.7665495
0.1634989
-0.1771359
-0.4579169
0.4920059
-0.2115392
0.08876447
0.04094166
0.8762155
0.2836307
0
-0.02697781
0.2492675
-0.303245
-0.4532087
0.1084158
-0.5296407
-0.2112797
0.6935029
-0.6321177
-0.1911002
0.1774623
0.3403911
-0.08158826
0
-0.7578639
-1.088765
-0.4444143
0.1599388
-0.334076
0.06272433
0.05572195
0.3336812
0.6295638
0.694137
0.7981215
-0.7844247
0.9202205
-0.01357128
0.3387308
-0.6922322
0.2244823
-0.3675974
0.5237573
0.318353
0.606798
-0.2355397
-1.349859
0.3204585
-0.5050171
-0.04790419
-0.2398658
1.112222
-0.4352268
0.7874591
-0.14887
0.1015263
0.3983397
0.06735821
-0.1280194
-1.316612
0.06146492
-1.043177
0.06896552
0.006893937
0.5911076
-0.157745
0.4519936
0.26613
0.4623342
-0.5373249
1.017786
0.08097713
-0.02023814
0.4510122
1.618902
0.2639917
0.09881749
0.05266276
0.09866799
0.4722559
0.4830612
-0.1498909
0.2345125
-0.2606034
1.077093
0.5727356
0.1282545
1.0265
0.1204476
-0.9037165
-1.448881
0.1944013
-0.3436987
1.297253
1.058818
0.2344816
-0.2471719
0.2914715
-1.209435
0.01921045
0.3132494
0.4330941
-0.1399135
-0.05092622
0.628394
-0.3803732
0.3297403
0.1960599
-0.1644113
1.113955
-0.3385371
-1.149511
0.8791126
0.8090101
-0.7020212
-1.45729
-0.2172386
0.08950835
-0.2815822
-0.2309766
-0.7090857
-0.1748196
0.3880737
0.3672803
-1.151446
0.2534197
0.2463055
0.5745102
-0.1739411
-0.2711779
0.161504
0.6370063
-0.4822075
0.968484
0.6679627
-0.4384439
0.5144992
-0.3363481
-0.6569111
-0.6483733
0.2123075
-0.06428801
-0.6192769
-0.006471026
0.6900359
1.092977
-0.08267354
-1.570998
0.5735476
-0.9296387
-0.3248233
0.6744513
0.3033141
-0.1096032
0
0.7967146
-0.8612432
0.6370063
-0.1347839
1.073218
0.06987011
-0.006349811
0.1903192
0.5750956
-1.019738
-0.3954843
0.04472986
0.5796748
0.171347
0.8020505
0.100591
0.05653799
-0.4784397
0.0883058
-0.03783579
0.1386613
-0.4165621
-0.6535764
-0.3252035
0.1914243
0.3817527
-1.014848
-0.1862138
0.1926288
-0.1412248
0.01284687
-0.6508384
-0.3821619
-0.4422771
-1.935035
-0.5932362
-0.3549547
-0.0671141
-0.2621762
-1.089652
0.2378931
0.1085629
-0.3056341
1.176643
-0.5054771
0.02026822
-0.9707166
0.1635769
0.006809902
-0.1090141
-1.007168
-0.2275
-0.8943177
-0.6076923
-1.035257
0.3321675
-1.085386
-0.5794215
1.657752
0.02116626
-0.1411931
0.4229827
1.167968
0.0139053
2.152691
0.2717947
-0.5579764
-0.08191686
-0.3214887
-1.483963
-2.108152
-0.1634742
-1.461763
-0.2746659
-2.254524
1.038416
0.2268653
-0.2488474
-1.290721
1.37862
-0.6685057
-1.119235
0.3422877
-1.105479
-1.605122
-2.058908
0.3344615
-1.873316
-1.538799
0.2407513
2.961483
-0.007781798
-1.316015
0.2913273
2.34665
0.1381428
-2.194312
0.164493
-0.1331402
-1.595737
-0.2551429
1.623348
-0.03928193
-0.2832863
-0.7514372
-0.5573263
0.04789272
2.824624
1.080257
-1.562411
-1.050084
-0.4737848
0.7098381
-0.4331909
1.340723
-1.459193
2.250447
-0.03864137
0.6702386
2.0519
0.412867
2.332316
1.062833
3.891431
-0.4187611
-3.003101
0.5534208
0.1002937
-0.01432152
0.6993535
1.201683
-1.038255
-1.185559
0.1937916
-2.68892
-0.9696238
2.010155
-0.02916302
-1.609796
-1.102761
-1.122634
-0.1820113
-0.609108
1.139051
-2.275776
-0.5887839
0.6582792
-0.8215827
2.110043
0.2739519
0.6438685
-1.951877
-1.426823
0.03123536
1.564832
-1.182988
-0.1478887
0.2800251
1.465058
-0.7529809
-0.5646018
-0.5522083
0.4435632
-2.42055
-0.1910981
1.014996
0.1182732
0.4481668
-0.03923261
-0.08636596
0.2588744
-0.8023326
-0.6497131
-0.246727
0.4611234
-0.3337044
0.863748
-0.3002768
0.9138239
0.1723733
0.1955188
0.7162351
0.8189168
-0.1925373
1.058211
4.620792
-1.201656
0.02211166
-0.3321894
0.1108525
0.1549873
-1.890922
-1.209753
0.8709867
-0.2869659
1.761599
-0.08176919
-0.6266339
-0.6079959
0.04516372
-1.051566
-0.04564126
1.592667
-0.5782751
-0.7180952
0.1137268
-1.273514
-0.9794549
0.5795774
0.2616392
0.2762857
1.739835
-1.067666
-0.5725862
1.993623
-0.6022301
0.1735129
0.7359601
0.07479432
-0.4646291
0.7334264
0.6169876
0.9294159
0.1320713
-0.1908257
-0.02939015
-0.5083446
-0.2662527
0.7745972
1.147128
0.2829267
1.4456
-0.0928671
-0.4871768
0.1722159
1.268094
0.4661355
0.5481006
-0.5340091
-0.04932878
-1.398326
-0.7605691
0.9319732
-0.2214524
0.7835914
-0.3767822
-1.84019
0.6796353
-0.201962
0.9199432
0.1429797
-1.091808
1.355783
-0.1426025
-0.4433646
0.7354812
0.01422779
-0.2706747
1.177068
-1.191334
-0.1927952
-0.3795343
0.1935276
-0.8124573
1.248312
-0.7155154
0.33693
-0.01431434
1.032515
-0.007084411
0.03541704
0.6424081
-0.1056078
0.168919
0.3229659
-0.3722045
-0.00703606
0.02110669
-1.288605
0.2348839
1.502939
0.9548774
-0.1110494
-0.06251954
-0.2365383
-1.240511
-0.2612719
-0.01414227
0.5219366
0.4772274
-0.4701928
-0.904472
-0.09231972
1.319848
-0.1894937
0.4905406
0.1048035
0.2092781
-0.839753
0.2947164
0.6007702
-0.02786291
-0.8324928
0.07724448
0.2243726
0
1.522184
0.522877
-0.03431591
0.1234822
0.1849379
0.02736914
0.5526195
0.2514186
-0.2106051
-0.08164377
0.6986158
-0.2910619
-0.3803319
-0.09530942
-0.2181918
-0.6643178
0.5277057
-0.6721101
0.3983248
0.3899174
0.6600684
-0.4690855
0.6926552
-0.4204536
0.8391468
0.4035247
0.3082699
-0.375411
0.3887926
-0.2813884
0.6953294
-0.03998401
0.1731487
-0.5872556
-0.8064018
-0.3921043
0.3786091
-0.4328133
0.4935277
-1.153102
1.20704
0.1414475
-0.1481881
1.099428
-0.260356
-0.6370516
0.1411717
0.6094517
-0.9863535
1.073116
-0.5686585
-0.2350967
0.6568828
-0.2073233
0.9859516
-0.8120385
0.2069634
0.7044623
-0.2718925
0.1459854
-1.308168
-0.4376375
-0.5344893
-0.1085998
-0.06113923
-0.7845318
0.3008961
-0.8985279
0.4331243
-1.79973
-0.251766
0.2657344
-0.5321769
0.685701
0.1811342
0.1738587
-0.2504523
-0.279018
0.1117007
0.6051982
-0.1179695
0.013886
-0.6267866
0.2999549
1.23907
-0.08947315
-0.2136827
-0.09665172
-0.7070106
-0.7470798
-1.234018
0.08510639
0.3397031
-0.0565371
-0.5884664
-0.07113388
-0.4278692
-0.882897
0.2448334
0.3661298
-0.3445556
-1.069916
-1.10353
0.6664982
0.698337
-0.5305823
-0.5993732
-0.1100312
0.8550496
-0.8697296
-0.4414044
-0.1844951
0.3833682
-0.3907551
0.2876851
-0.7393202
1.356153
-1.059769
0.3545055
1.223683
-1.172089
0.2722692
0.03673634
-0.1985368
0.528558
0.1170789
0.5760763
-0.7370951
0.7734442
-0.1381969
-0.9948147
-0.5380914
0.00739071
0.02955738
-1.398728
-0.02247949
0.4038596
0.4988284
-0.4167603
0.8687636
0.317402
-0.6061521
-0.007414822
-0.8040544
-0.1047042
-0.02993564
0.8051333
0.8796952
0.03679311
0.5429612
-0.9262729
-0.3922009
-0.2152534
-0.08920607
-0.4696419
-0.6371597
0.465152
-0.1798023
-0.7980167
-0.758729
0.8569423
0.4445289
-0.8986279
-1.113665
-1.133965
-1.571634
0.2518695
1.094531
-1.141708
-0.5757795
-0.5870703
-1.426421
-0.7371737
0.4785668
-0.3323205
0.4293764
1.643653
-1.353049
-1.028974
-0.4489254
1.187295
-0.008084401
-0.8362135
-0.4903573
-0.1065618
-1.612205
-0.3255836
0.3005763
0.415974
0.5464494
-0.2811313
1.642478
0.4064385
-0.03245436
0.3402466
-0.04044489
0.2020611
-0.6642928
0.05688051
-0.1788764
0.3574334
-0.129828
-1.052942
0.8497477
1.39772
0.902526
0.5471211
-0.412045
0.7042004
-0.3475242
-0.5235614
1.154528
0.2826413
1.076118
0.2014568
0.340005
-0.4484312
-0.67644
0.6609409
-0.2250069
0.8431036
0
0.115469
0.5064856
0.03826579
0.8002177
0.4921829
-0.613708
-0.007600228
0.9455799
-0.3091659
-1.10876
-1.508069
-0.2561616
-0.7724456
0.5545806
0.4042294
-0.1397407
-0.2722784
-1.175378
