1.225
1.241
1.241
1.238
1.236
1.234
1.227
1.223
1.215
1.206
1.2
1.204
1.2
1.203
1.199
1.199
1.195
1.193
1.193
1.203
1.212
1.215
1.207
1.198
1.187
1.181
1.177
1.173
1.177
1.17
1.193
1.228
1.229
1.244
1.243
1.243
1.236
1.225
1.21
1.209
1.203
1.193
1.182
1.176
1.177
1.168
1.162
1.152
1.141
1.131
1.121
1.112
1.102
1.094
1.083
1.066
1.061
1.053
1.038
1.044
1.028
1.018
1.008
1
1.03
1.028
1.025
1.028
1.04
1.049
1.063
1.072
1.07
1.066
1.075
1.066
1.058
1.057
1.058
1.054
1.059
1.05
1.039
1.033
1.026
1.019
1.013
1.007
1.002
1.014
1.014
1.019
1.022
1.019
1.015
1.01
1.008
0.996
0.989
0.974
0.954
0.945
0.944
0.937
0.935
0.941
0.944
0.936
0.929
0.927
0.919
0.907
0.913
0.921
0.977
1.017
1.082
1.118
1.14
1.135
1.131
1.136
1.14
1.14
1.126
1.111
1.112
1.108
1.124
1.113
1.125
1.143
1.169
1.193
1.195
1.206
1.236
1.234
1.233
1.242
1.25
1.268
1.262
1.255
1.249
1.236
1.237
1.23
1.233
1.251
1.269
1.274
1.273
1.275
1.269
1.273
1.272
1.264
1.277
1.315
1.316
1.325
1.356
1.406
1.421
1.501
1.527
1.529
1.508
1.503
1.475
1.444
1.437
1.42
1.455
1.492
1.527
1.54
1.563
1.631
1.681
1.658
1.625
1.593
1.546
1.52
1.471
1.462
1.447
1.468
1.481
1.53
1.561
1.562
1.548
1.524
1.502
1.539
1.551
1.545
1.526
1.523
1.51
1.51
1.486
1.449
1.422
1.414
1.406
1.425
1.474
1.471
1.46
1.443
1.476
1.449
1.431
1.417
1.412
1.404
1.404
1.442
1.5
1.571
1.619
1.626
1.703
1.713
1.687
1.704
1.679
1.647
1.601
1.538
1.474
1.437
1.413
1.395
1.384
1.376
1.392
1.427
1.488
1.545
1.527
1.529
1.485
1.416
1.352
1.309
1.265
1.235
1.206
1.182
1.167
1.127
1.108
1.095
1.059
1.072
1.096
1.112
1.111
1.105
1.101
1.116
1.107
1.116
1.116
1.144
1.223
1.288
1.342
1.371
1.413
1.404
1.404
1.393
1.395
1.388
1.397
1.387
1.392
1.375
1.378
1.384
1.392
1.382
1.394
1.41
1.407
1.395
1.393
1.392
1.403
1.394
1.395
1.401
1.395
1.413
1.439
1.44
1.458
1.444
1.448
1.439
1.409
1.38
1.364
1.36
1.363
1.401
1.441
1.444
1.454
1.459
1.473
1.527
1.607
1.66
1.658
1.686
1.712
1.728
1.69
1.649
1.63
1.595
1.574
1.557
1.513
1.491
1.498
1.487
1.473
1.49
1.518
1.496
1.487
1.489
1.521
1.524
1.516
1.536
1.571
1.627
1.747
1.746
1.717
1.697
1.643
1.591
1.573
1.568
1.571
1.542
1.535
1.504
1.497
1.512
1.49
1.476
1.465
1.485
1.478
1.51
1.56
1.595
1.622
1.616
1.638
1.648
1.688
1.717
1.738
1.724
1.743
1.758
1.78
1.786
1.813
1.812
1.844
1.941
2.017
2.064
2.051
2.034
1.985
1.937
1.921
1.895
1.917
1.928
1.905
1.888
1.877
1.875
1.884
1.866
1.85
1.846
1.866
1.917
1.938
1.993
2.035
2.032
2.034
2.001
1.969
1.948
1.945
1.911
1.847
1.815
1.791
1.778
1.793
1.819
1.853
1.911
1.909
1.898
1.905
1.928
1.999
2.056
2.109
2.153
2.217
2.28
2.237
2.236
2.235
2.186
2.163
2.125
2.097
2.116
2.13
2.161
2.215
2.226
2.328
2.317
2.289
2.291
2.368
2.55
2.612
2.61
3.069
2.955
2.786
2.803
2.928
2.848
2.725
2.603
2.48
2.376
2.296
2.201
2.154
2.147
2.185
2.211
2.197
2.238
2.327
2.32
2.336
2.357
2.342
2.284
2.24
2.254
2.331
2.366
2.504
2.498
2.588
2.683
2.783
2.914
2.919
2.909
2.947
2.892
2.867
2.892
2.906
2.871
2.869
2.934
2.973
2.989
3.003
3.004
3.038
3
2.924
2.845
2.727
2.618
2.497
2.378
2.31
2.261
2.226
2.208
2.218
2.2
2.232
2.239
2.246
2.297
2.293
2.32
2.341
2.334
2.306
2.229
2.165
2.165
2.191
2.241
2.296
2.383
2.505
2.559
2.577
2.61
2.707
2.802
2.876
2.869
2.971
3.054
3.103
3.218
3.209
3.157
3.076
3.009
2.982
2.959
2.981
3.049
2.958
2.876
2.838
2.771
2.785
2.749
2.796
2.818
2.787
2.812
2.788
2.77
2.762
2.823
2.872
3.013
3.111
3.099
3.097
3.061
3
2.998
2.98
3.053
3.109
3.068
3.017
2.977
2.978
2.96
3.042
3.13
3.162
3.225
3.284
3.259
3.29
3.332
3.389
3.508
3.603
3.613
3.722
3.791
3.937
3.976
4.039
4.082
4.079
4.095
4.114
4.113
4.064
3.955
3.88
3.809
3.74
3.685
3.68
3.648
3.835
3.718
3.632
3.484
3.151
2.914
2.656
2.4
2.224
2.072
1.892
1.811
1.699
1.659
1.653
1.613
1.684
1.784
1.847
1.838
1.892
1.926
1.964
1.909
1.934
1.941
1.91
1.962
2.046
2.037
2.051
2.059
2.049
2.078
2.24
2.309
2.435
2.524
2.624
2.672
2.691
2.642
2.612
2.528
2.463
2.503
2.557
2.647
2.637
2.628
2.613
2.588
2.577
2.552
2.499
2.468
2.489
2.574
2.674
2.694
2.666
2.629
2.639
2.629
2.634
2.599
2.589
2.607
2.665
2.751
2.739
2.705
2.661
2.652
2.608
2.655
2.702
2.751
2.788
2.819
2.798
2.826
2.858
2.86
2.849
2.898
2.905
2.864
2.786
2.728
2.725
2.701
2.743
2.757
2.726
2.718
2.722
2.749
2.735
2.783
2.745
2.704
2.682
2.682
2.721
2.723
2.694
